2.358911 0.678204
8.842026 0.495193
11.359384 -0.736130
5.039656 -0.892711
9.040956 0.439622
1.031678 0.678278
1.007117 0.946239
5.401803 -0.688700
4.627232 -0.885044
0.367326 0.278704
2.419841 0.542739
8.599358 0.793519
11.067529 -0.957936
10.588986 -0.798790
8.148668 0.893317
4.334130 -1.009305
5.496009 -0.612338
0.111381 0.293148
8.568693 0.699641
8.062910 1.039742
9.371480 -0.046729
12.375195 -0.153149
6.276483 0.006307
0.078377 0.259835
9.852997 -0.304023
11.155044 -1.167520
11.193180 -0.912860
5.007435 -0.887336
4.031625 -0.771265
10.051002 -0.720242
8.556811 0.846321
1.907963 1.023958
11.512855 -1.049322
11.031760 -0.817943
5.504332 -0.840681
3.971529 -0.853644
7.465028 1.019207
4.425576 -1.132747
0.254976 0.214461
12.146831 -0.209611
2.769354 0.229787
12.241500 -0.154906
11.463514 -1.040013
11.502925 -0.997124
10.382349 -0.828490
3.684083 -0.442368
8.308627 0.705705
4.619249 -0.932518
5.293700 -0.902949
6.334304 -0.009432
3.237598 0.008746
5.375064 -0.688916
12.555525 -0.092726
5.922724 -0.417661
10.687779 -0.983199
11.570945 -0.927821
7.160895 0.748212
8.650809 0.793562
8.481753 0.630503
10.685351 -1.031914
0.179863 0.310072
10.654843 -0.959234
6.319141 0.052499
11.251983 -1.078121
11.352387 -1.017930
12.124686 -0.362390
4.974039 -0.786923
9.931843 -0.602337
6.290934 -0.043966
6.872660 0.577702
11.257480 -0.990538
9.648379 -0.415960
1.720486 0.894028
11.503685 -0.799795
0.235419 0.178701
3.430779 -0.237653
12.207477 -0.224554
9.741400 -0.396112
0.651795 0.421737
2.798734 0.430440
9.950150 -0.428107
0.210899 0.236326
4.088788 -0.866149
9.006599 0.368642
8.320686 0.934259
0.152457 0.247671
8.639227 0.797308
3.242779 -0.146146
5.180294 -0.837009
10.367154 -0.909006
4.355967 -0.878741
12.459339 -0.045060
7.633000 0.848841
8.762462 0.544759
1.966966 0.925160
11.165270 -0.990677
10.782949 -0.834942
5.794041 -0.275722
6.130389 -0.228798
5.516558 -0.652116
10.825206 -0.874601
8.181074 0.837763
7.232539 0.843741
9.700089 -0.442007
1.954667 0.925757
9.364433 -0.118857
10.227423 -0.568415
4.184746 -0.820999
0.977799 0.688705
1.258380 0.923230
7.825220 1.000239
5.495730 -0.577701
7.047180 0.737779
4.001985 -0.757749
5.366746 -0.761981
6.895776 0.394490
8.741532 0.488040
6.976872 0.629501
4.844573 -1.016714
7.524930 0.900884
0.252355 0.079678
12.515558 0.006684
6.508394 0.053676
2.430234 0.619536
9.043540 0.253328
3.182536 -0.069423
8.578862 0.916196
10.882725 -0.914981
3.321796 -0.334991
4.592835 -1.068386
7.646028 0.898915
10.740212 -1.046304
9.490089 -0.247581
11.128199 -1.012213
0.221889 0.055145
3.858568 -0.672687
6.269928 -0.165372
5.117021 -1.044567
4.584593 -1.170033
5.650444 -0.540073
9.572952 0.025343
11.610969 -0.960457
4.693853 -1.094779
8.435155 0.763758
1.704119 0.915533
2.433861 0.513108
4.953786 -1.007798
5.439056 -0.629160
10.866543 -0.800488
0.948078 0.893424
8.341331 0.917064
8.165918 0.933460
0.371025 0.455557
4.031416 -0.804196
9.010956 0.456469
11.786814 -0.796058
2.975156 -0.006266
3.721213 -0.606207
12.341340 -0.254583
7.024593 0.628790
4.930175 -0.797085
1.137747 1.016948
6.387519 -0.011018
5.036839 -1.127151
8.213907 1.058661
3.574240 -0.529607
7.542777 1.109648
1.256706 0.934171
2.399418 0.662566
2.989136 0.276992
8.676304 0.676930
3.901133 -0.710288
0.274591 0.394514
2.490532 0.609555
6.417739 -0.000105
1.193960 1.120972
1.819427 0.858065
0.681555 0.761188
3.219399 0.091646
7.733133 0.975759
2.604462 0.356638
8.741089 0.614533
9.176191 0.267528
4.280793 -0.847167
10.652681 -0.778512
12.170070 -0.203732
8.053403 0.968948
1.277837 0.979474
8.130955 1.035206
3.254986 0.083245
6.240892 -0.004434
9.452479 0.149268
1.461122 1.117001
1.220712 0.748204
1.201717 1.093342
9.618043 -0.037688
4.911189 -0.897755
7.190305 0.890619
5.145724 -0.939865
1.176865 0.839308
10.839235 -1.171230
5.110026 -1.055846
0.456741 0.598147
9.720342 -0.114730
10.258620 -0.544843
8.489314 0.953626
5.606383 -0.599387
3.429255 -0.425064
2.639484 0.504525
6.456470 0.130438
10.046974 -0.568329
3.449089 -0.206852
7.970272 0.890156
7.653976 0.922271
6.780992 0.456434
3.437631 -0.135556
9.793962 -0.406260
8.770649 0.708452
1.645527 1.139201
9.115922 0.259219
9.304080 0.115752
8.450892 0.886622
3.442467 -0.482752
8.306297 1.007652
11.696724 -0.747964
2.249094 0.707793
2.147821 0.864814
3.737723 -0.727758
1.642733 1.189916
1.008577 0.708487
3.012118 0.043447
5.926221 -0.369598
2.294540 0.674377
5.140187 -0.902728
11.617134 -0.619658
6.851260 0.508902
11.898249 -0.682804
7.231744 0.689797
8.847370 0.396930
6.818240 0.674864
7.600824 0.955211
8.675727 0.573710
0.925665 0.942774
4.887283 -0.959183
3.081814 0.070198
2.290249 0.871662
5.950220 -0.435709
11.289319 -0.933208
1.945452 1.095403
4.696887 -1.073165
3.526806 -0.181501
7.739289 0.861096
0.652486 0.754230
10.841607 -0.963320
8.913835 0.562898
6.565896 0.389309
6.046883 -0.239159
9.504618 -0.264480
8.110451 0.951604
3.507117 -0.447880
9.269564 0.008020
3.277168 -0.204906
4.022519 -0.691198
1.233789 0.996429
0.051164 -0.143407
12.091778 -0.357928
6.507780 0.417999
7.763790 1.142494
10.525180 -0.815750
11.072952 -1.128465
3.658972 -0.573591
8.450437 0.696187
8.990331 0.616074
6.204319 -0.093586
4.979686 -0.980104
8.398243 0.863572
6.183871 -0.210789
4.286788 -0.945992
1.429944 0.992812
12.125161 -0.605980
3.370213 -0.189453
3.824650 -0.802841
8.661387 0.576616
5.966542 -0.324883
6.581721 0.201363
6.854388 0.514224
0.784070 0.581327
6.984019 0.451789
9.826113 -0.406472
4.854431 -0.998731
8.142462 0.896236
3.827028 -0.756323
7.751668 1.055933
11.372531 -0.773666
3.357034 -0.274653
8.889084 0.340473
2.361345 0.521011
2.847970 0.383020
5.546376 -0.721914
8.415374 0.719268
9.961544 -0.568198
1.277489 0.839546
3.380015 -0.277288
0.126711 0.104254
10.288267 -0.835661
1.145258 0.893796
6.228667 -0.109094
6.589625 0.401596
6.514920 0.417869
7.434495 1.035436
8.907140 0.575509
1.736699 0.885257
2.314192 0.890982
6.734634 0.593094
8.398199 0.734966
1.320235 0.829979
4.921502 -1.016142
7.419698 1.049975
3.232473 -0.044264
2.185938 0.981507
9.134525 0.392772
7.087954 0.586453
12.439624 -0.297457
7.808462 1.077198
4.566999 -0.977554
6.072269 -0.242263
8.646987 0.590472
2.086125 0.840807
1.804026 0.892155
0.780694 0.588212
7.431503 0.973017
6.585258 0.123750
12.085816 -0.634003
2.180452 0.915853
2.128618 1.017104
9.652209 -0.160139
0.763743 0.688672
6.824627 0.551531
9.291745 0.067769
2.113648 0.933536
5.291199 -0.641541
2.598799 0.616910
8.339517 0.977157
12.261175 -0.427915
8.532035 0.940108
5.550297 -0.783952
4.636195 -1.124187
10.711232 -0.995552
6.062364 -0.035443
6.488435 0.186584
1.609013 0.897830
0.558622 0.672819
10.425215 -0.917236
5.949306 -0.257040
7.505725 0.946432
7.095101 0.630808
10.789704 -0.810298
2.103778 1.000356
8.256190 0.955745
5.918225 -0.218100
8.436947 0.670413
10.677488 -1.123147
6.658737 0.506020
8.466510 0.852117
5.714887 -0.384821
0.532487 0.441378
2.571518 0.501672
0.029354 0.100856
12.296991 -0.269040
10.967063 -0.902495
10.719587 -0.930780
4.279393 -0.906399
6.811651 0.396917
1.523136 0.956825
0.675024 0.491921
0.232978 0.372346
5.747296 -0.328209
9.287801 -0.046315
8.999356 0.234128
10.944324 -0.845564
9.044770 0.494658
4.909706 -0.788757
11.664126 -0.884970
2.034131 0.770076
7.101769 0.594944
9.240024 0.322647
2.977626 0.193647
11.670650 -0.602426
12.290131 -0.151277
0.525889 0.406335
7.428891 0.950600
3.736970 -0.443082
0.127616 0.023890
3.259565 -0.253453
9.032957 0.430654
10.596308 -1.117189
8.482105 0.852364
5.261865 -0.881775
0.964943 0.797436
7.888331 1.032360
11.866349 -0.493050
11.052215 -1.009056
9.725322 -0.283349
2.130950 0.911742
2.358604 0.713733
11.083310 -0.819176
3.405304 -0.148690
10.204622 -0.898889
3.069955 0.060499
3.567029 -0.549342
10.073797 -0.729888
6.502289 0.115970
10.328582 -0.841854
8.084059 1.063732
1.802853 1.100817
11.153102 -1.091636
7.675720 0.825939
6.914703 0.469744
7.974330 0.823281
10.578360 -0.887964
2.686314 0.253126
4.293452 -0.823448
6.570372 0.228797
9.644692 -0.035025
4.209605 -0.888058
11.864440 -0.456372
5.506393 -0.589512
6.183939 -0.120618
6.592573 0.156025
7.697237 0.870931
4.819891 -1.153791
9.826885 -0.363462
8.637693 0.840765
10.977637 -0.913872
6.411295 0.280724
9.863644 -0.283120
7.285251 0.813155
2.081420 0.744589
4.456775 -1.000283
4.914897 -0.824285
7.022817 0.706007
8.287961 1.095690
2.646247 0.349472
0.426257 0.514044
9.712051 -0.280721
7.173739 0.617818
3.964424 -0.808625
7.759826 0.886893
0.341906 0.155675
2.251365 0.835047
11.500193 -1.044963
5.641961 -0.699687
1.536493 1.143039
5.754160 -0.655103
2.806914 0.223482
9.470730 -0.065093
12.477307 -0.171199
4.766666 -0.992773
5.089118 -0.918677
7.470865 0.880477
7.042772 0.718680
8.624731 0.597536
9.477255 -0.196760
5.671667 -0.538224
8.185603 0.864955
10.863989 -0.960063
11.004096 -0.970089
3.324806 -0.287928
2.473908 0.432435
0.341808 0.229554
1.843403 0.945346
1.435138 0.835820
7.404977 1.006708
9.832794 -0.200693
9.144848 0.149915
2.486819 0.708259
9.598816 -0.098746
9.312521 -0.015310
9.387762 -0.129697
10.166444 -0.503373
1.333562 0.973475
6.955679 0.647263
7.542016 0.809555
4.629066 -1.095202
3.970989 -0.693308
8.374699 0.783667
2.178185 0.857706
10.425124 -1.026437
0.183072 0.316240
1.673886 1.090684
9.802062 -0.251180
6.477631 0.221144
0.325324 0.467571
0.822394 0.711148
1.074139 0.794350
9.266161 0.176070
11.129708 -1.043802
5.102507 -0.906159
7.075732 0.733762
6.956922 0.575651


2.358911 0.678204
8.842026 0.495193
1.031678 0.678278
0.367326 0.278704
2.419841 0.542739
8.148668 0.893317
8.568693 0.699641
9.371480 -0.046729
10.051002 -0.720242
11.512855 -1.049322
5.504332 -0.840681
0.254976 0.214461
2.769354 0.229787
11.463514 -1.040013
11.502925 -0.997124
10.382349 -0.828490
8.308627 0.705705
6.334304 -0.009432
12.555525 -0.092726
5.922724 -0.417661
10.687779 -0.983199
11.570945 -0.927821
7.160895 0.748212
8.481753 0.630503
10.685351 -1.031914
10.654843 -0.959234
11.251983 -1.078121
11.352387 -1.017930
9.931843 -0.602337
6.290934 -0.043966
11.257480 -0.990538
9.648379 -0.415960
1.720486 0.894028
0.235419 0.178701
9.741400 -0.396112
0.651795 0.421737
9.006599 0.368642
3.242779 -0.146146
10.367154 -0.909006
7.633000 0.848841
8.762462 0.544759
11.165270 -0.990677
6.130389 -0.228798
8.181074 0.837763
9.700089 -0.442007
1.954667 0.925757
9.364433 -0.118857
0.977799 0.688705
1.258380 0.923230
6.895776 0.394490
8.741532 0.488040
6.976872 0.629501
7.524930 0.900884
0.252355 0.079678
6.508394 0.053676
2.430234 0.619536
9.043540 0.253328
3.182536 -0.069423
3.321796 -0.334991
7.646028 0.898915
10.740212 -1.046304
9.490089 -0.247581
11.128199 -1.012213
0.221889 0.055145
3.858568 -0.672687
6.269928 -0.165372
11.610969 -0.960457
8.435155 0.763758
1.704119 0.915533
2.433861 0.513108
8.165918 0.933460
4.031416 -0.804196
11.786814 -0.796058
2.975156 -0.006266
3.721213 -0.606207
12.341340 -0.254583
7.024593 0.628790
6.387519 -0.011018
3.574240 -0.529607
1.256706 0.934171
2.399418 0.662566
8.676304 0.676930
3.901133 -0.710288
6.417739 -0.000105
1.819427 0.858065
7.733133 0.975759
2.604462 0.356638
8.741089 0.614533
8.053403 0.968948
1.220712 0.748204
1.176865 0.839308
3.429255 -0.425064
6.456470 0.130438
7.970272 0.890156
7.653976 0.922271
6.780992 0.456434
9.793962 -0.406260
9.115922 0.259219
9.304080 0.115752
3.442467 -0.482752
2.249094 0.707793
3.737723 -0.727758
1.008577 0.708487
3.012118 0.043447
5.926221 -0.369598
2.294540 0.674377
6.851260 0.508902
11.898249 -0.682804
7.231744 0.689797
8.847370 0.396930
7.600824 0.955211
8.675727 0.573710
5.950220 -0.435709
7.739289 0.861096
6.046883 -0.239159
9.504618 -0.264480
8.110451 0.951604
3.507117 -0.447880
9.269564 0.008020
3.277168 -0.204906
0.051164 -0.143407
11.072952 -1.128465
3.658972 -0.573591
8.450437 0.696187
6.204319 -0.093586
6.183871 -0.210789
12.125161 -0.605980
3.824650 -0.802841
8.661387 0.576616
5.966542 -0.324883
6.581721 0.201363
6.854388 0.514224
0.784070 0.581327
6.984019 0.451789
9.826113 -0.406472
8.142462 0.896236
3.827028 -0.756323
3.357034 -0.274653
8.889084 0.340473
2.361345 0.521011
5.546376 -0.721914
8.415374 0.719268
9.961544 -0.568198
1.277489 0.839546
3.380015 -0.277288
0.126711 0.104254
10.288267 -0.835661
1.145258 0.893796
6.228667 -0.109094
1.736699 0.885257
8.398199 0.734966
1.320235 0.829979
7.087954 0.586453
12.439624 -0.297457
6.072269 -0.242263
8.646987 0.590472
2.086125 0.840807
1.804026 0.892155
0.780694 0.588212
6.585258 0.123750
12.085816 -0.634003
0.763743 0.688672
9.291745 0.067769
12.261175 -0.427915
5.550297 -0.783952
10.711232 -0.995552
6.488435 0.186584
1.609013 0.897830
10.425215 -0.917236
7.095101 0.630808
8.436947 0.670413
0.532487 0.441378
2.571518 0.501672
12.296991 -0.269040
6.811651 0.396917
1.523136 0.956825
0.675024 0.491921
9.287801 -0.046315
8.999356 0.234128
11.664126 -0.884970
2.034131 0.770076
7.101769 0.594944
0.525889 0.406335
0.127616 0.023890
3.259565 -0.253453
0.964943 0.797436
11.052215 -1.009056
10.204622 -0.898889
3.069955 0.060499
3.567029 -0.549342
10.073797 -0.729888
6.502289 0.115970
10.328582 -0.841854
11.153102 -1.091636
7.675720 0.825939
6.914703 0.469744
7.974330 0.823281
2.686314 0.253126
6.570372 0.228797
6.183939 -0.120618
6.592573 0.156025
7.697237 0.870931
7.285251 0.813155
2.081420 0.744589
2.646247 0.349472
7.173739 0.617818
3.964424 -0.808625
7.759826 0.886893
0.341906 0.155675
11.500193 -1.044963
5.641961 -0.699687
5.754160 -0.655103
2.806914 0.223482
9.470730 -0.065093
12.477307 -0.171199
7.470865 0.880477
8.624731 0.597536
9.477255 -0.196760
8.185603 0.864955
3.324806 -0.287928
2.473908 0.432435
0.341808 0.229554
1.843403 0.945346
1.435138 0.835820
9.144848 0.149915
9.312521 -0.015310
9.387762 -0.129697
7.542016 0.809555
8.374699 0.783667
10.425124 -1.026437
0.822394 0.711148
1.074139 0.794350
11.129708 -1.043802
6.956922 0.575651


11.359384 -0.736130
5.039656 -0.892711
9.040956 0.439622
1.007117 0.946239
5.401803 -0.688700
4.627232 -0.885044
8.599358 0.793519
11.067529 -0.957936
10.588986 -0.798790
5.496009 -0.612338
0.111381 0.293148
8.062910 1.039742
12.375195 -0.153149
6.276483 0.006307
0.078377 0.259835
9.852997 -0.304023
11.193180 -0.912860
5.007435 -0.887336
4.031625 -0.771265
8.556811 0.846321
1.907963 1.023958
11.031760 -0.817943
7.465028 1.019207
12.146831 -0.209611
12.241500 -0.154906
3.684083 -0.442368
4.619249 -0.932518
3.237598 0.008746
5.375064 -0.688916
8.650809 0.793562
0.179863 0.310072
6.319141 0.052499
12.124686 -0.362390
4.974039 -0.786923
6.872660 0.577702
11.503685 -0.799795
3.430779 -0.237653
12.207477 -0.224554
2.798734 0.430440
9.950150 -0.428107
0.210899 0.236326
8.320686 0.934259
0.152457 0.247671
8.639227 0.797308
5.180294 -0.837009
4.355967 -0.878741
12.459339 -0.045060
1.966966 0.925160
10.782949 -0.834942
5.794041 -0.275722
5.516558 -0.652116
10.825206 -0.874601
7.232539 0.843741
10.227423 -0.568415
4.184746 -0.820999
7.825220 1.000239
5.495730 -0.577701
7.047180 0.737779
4.001985 -0.757749
5.366746 -0.761981
12.515558 0.006684
8.578862 0.916196
10.882725 -0.914981
5.650444 -0.540073
9.572952 0.025343
5.439056 -0.629160
10.866543 -0.800488
0.948078 0.893424
8.341331 0.917064
0.371025 0.455557
9.010956 0.456469
4.930175 -0.797085
1.137747 1.016948
8.213907 1.058661
2.989136 0.276992
0.274591 0.394514
2.490532 0.609555
1.193960 1.120972
0.681555 0.761188
3.219399 0.091646
9.176191 0.267528
4.280793 -0.847167
10.652681 -0.778512
12.170070 -0.203732
1.277837 0.979474
8.130955 1.035206
3.254986 0.083245
6.240892 -0.004434
9.452479 0.149268
1.461122 1.117001
1.201717 1.093342
9.618043 -0.037688
4.911189 -0.897755
7.190305 0.890619
0.456741 0.598147
9.720342 -0.114730
10.258620 -0.544843
8.489314 0.953626
5.606383 -0.599387
2.639484 0.504525
10.046974 -0.568329
3.449089 -0.206852
3.437631 -0.135556
8.770649 0.708452
1.645527 1.139201
8.450892 0.886622
8.306297 1.007652
11.696724 -0.747964
2.147821 0.864814
1.642733 1.189916
5.140187 -0.902728
11.617134 -0.619658
6.818240 0.674864
0.925665 0.942774
4.887283 -0.959183
3.081814 0.070198
2.290249 0.871662
11.289319 -0.933208
1.945452 1.095403
3.526806 -0.181501
0.652486 0.754230
10.841607 -0.963320
8.913835 0.562898
6.565896 0.389309
4.022519 -0.691198
1.233789 0.996429
12.091778 -0.357928
6.507780 0.417999
10.525180 -0.815750
8.990331 0.616074
8.398243 0.863572
1.429944 0.992812
3.370213 -0.189453
7.751668 1.055933
11.372531 -0.773666
2.847970 0.383020
6.589625 0.401596
6.514920 0.417869
7.434495 1.035436
8.907140 0.575509
2.314192 0.890982
6.734634 0.593094
7.419698 1.049975
3.232473 -0.044264
2.185938 0.981507
9.134525 0.392772
7.808462 1.077198
4.566999 -0.977554
7.431503 0.973017
2.180452 0.915853
2.128618 1.017104
9.652209 -0.160139
6.824627 0.551531
2.113648 0.933536
5.291199 -0.641541
2.598799 0.616910
8.339517 0.977157
8.532035 0.940108
6.062364 -0.035443
0.558622 0.672819
5.949306 -0.257040
7.505725 0.946432
10.789704 -0.810298
2.103778 1.000356
8.256190 0.955745
5.918225 -0.218100
6.658737 0.506020
8.466510 0.852117
5.714887 -0.384821
0.029354 0.100856
10.967063 -0.902495
10.719587 -0.930780
4.279393 -0.906399
0.232978 0.372346
5.747296 -0.328209
10.944324 -0.845564
9.044770 0.494658
4.909706 -0.788757
9.240024 0.322647
2.977626 0.193647
11.670650 -0.602426
12.290131 -0.151277
7.428891 0.950600
3.736970 -0.443082
9.032957 0.430654
8.482105 0.852364
7.888331 1.032360
11.866349 -0.493050
9.725322 -0.283349
2.130950 0.911742
2.358604 0.713733
11.083310 -0.819176
3.405304 -0.148690
8.084059 1.063732
1.802853 1.100817
10.578360 -0.887964
4.293452 -0.823448
9.644692 -0.035025
11.864440 -0.456372
5.506393 -0.589512
9.826885 -0.363462
8.637693 0.840765
10.977637 -0.913872
6.411295 0.280724
9.863644 -0.283120
4.914897 -0.824285
7.022817 0.706007
0.426257 0.514044
9.712051 -0.280721
2.251365 0.835047
1.536493 1.143039
4.766666 -0.992773
5.089118 -0.918677
7.042772 0.718680
5.671667 -0.538224
10.863989 -0.960063
11.004096 -0.970089
7.404977 1.006708
9.832794 -0.200693
2.486819 0.708259
9.598816 -0.098746
10.166444 -0.503373
1.333562 0.973475
6.955679 0.647263
3.970989 -0.693308
2.178185 0.857706
0.183072 0.316240
1.673886 1.090684
9.802062 -0.251180
6.477631 0.221144
0.325324 0.467571
9.266161 0.176070
5.102507 -0.906159
7.075732 0.733762


10.698176 0.558664
6.083893 0.687809
7.667446 0.187467
2.653932 0.834145
3.025571 0.835899
11.123772 0.802489
5.936428 0.405309
2.378727 0.915391
7.835677 0.648822
7.383097 0.651391
0.430186 0.910297
11.191248 0.759864
12.038292 0.061340
5.625248 0.648868
3.872100 0.774081
8.820895 0.867650
11.891103 0.817345
1.257664 0.754213
0.264213 0.712190
11.015415 0.159833
5.366608 0.444608
10.156881 0.593883
8.240573 0.900736
9.927720 0.279792
11.658176 0.088063
2.013429 0.779842
9.409294 0.868467
10.400682 0.328043
5.371982 0.161670
9.254520 0.015246
11.067706 0.583623
7.533910 0.826451
10.860078 0.541379
3.298923 0.507196
9.159534 0.621272
6.543982 0.823788
7.429450 0.765676
1.914284 0.842752
2.519388 0.553199
9.436039 0.546807
7.266376 0.766156
7.164122 0.946218
2.654785 0.400480
8.900527 0.449519
12.502472 0.400902
12.232654 0.528658
10.724521 0.106898
6.271780 0.677001
2.173354 0.746162
9.603760 0.281972
10.100849 0.493233
7.571116 0.962100
3.658458 0.466731
5.050772 0.999675
11.467514 0.916564
0.491306 0.519054
10.588909 0.752512
4.930325 0.545171
5.163460 0.901122
6.597317 0.303049
7.980261 0.108518
3.051044 0.990253
2.045399 0.382596
2.942336 0.875756
3.511026 0.286651
0.864993 0.811649
6.911358 0.585366
0.895005 0.370595
5.387929 0.245015
6.330983 0.479159
9.218339 0.827392
7.565794 0.685336
8.375782 0.331214
10.549446 0.681588
5.917886 0.805502
0.392030 0.809286
10.169195 0.977413
10.982152 0.710985
8.966093 0.979575
3.312719 0.979161
10.682727 0.457739
12.214503 0.134963
5.960459 0.226688
12.180857 0.382845
6.978264 0.356802
6.886358 0.760550
10.728371 0.403278
0.109552 0.812019
10.255020 0.610264
6.580395 0.158263
5.449115 0.394484
2.195177 0.721466
6.104711 0.590803
1.854459 0.490991
8.188663 0.396935
4.025054 0.836181
10.674581 0.720847
10.087634 0.404927
6.983954 0.597121
9.826471 0.992267
4.504549 0.312571
11.899788 0.704823
8.495101 0.306096
6.718199 0.999841
4.458655 0.453820
10.546082 0.046767
11.720893 0.284706
12.264484 0.737866
2.996645 0.761435
7.833188 0.568514
11.482008 0.818155
12.202215 0.602041
1.123010 0.929174
10.007945 0.446140
2.701420 0.882816
6.590935 0.519426
11.645026 0.433135
10.541744 0.753782
3.650050 0.731614
0.149897 0.820980
7.661003 0.277608
9.592496 0.456798
6.320319 0.383479
11.203276 -0.025351
10.326153 0.198160
4.396587 0.464462
7.792480 0.594098
10.981855 0.284447
8.874507 0.982319
0.458915 0.987890
6.697438 0.861798
1.828943 0.346113
2.309489 0.848225
4.421532 0.436082
9.050414 0.810833
11.626640 0.567313
7.865622 0.202101
12.220855 0.239319
5.031144 0.725148
10.716409 0.229828
5.562046 0.281408
10.596906 0.069059
8.477300 0.979527
8.479187 0.952032
4.636948 0.965410
11.345896 0.365776
1.480772 0.458329
6.579619 0.311113
7.057196 0.216691
1.821413 0.740280
12.040110 0.948255
4.429233 0.623038
5.882421 0.268351
7.148553 0.222278
12.160763 0.355261
9.328664 0.061798
9.382919 0.641448
2.459240 0.645337
5.115537 0.181923
4.830177 0.720091
11.352046 0.700935
2.207768 0.447604
0.892811 0.824728
4.035961 0.998903
10.439868 0.340528
9.368226 0.217760
3.187829 0.441902
10.486466 0.345269
8.850168 0.520958
2.708169 0.592006
10.509259 0.826764
2.702446 0.402779
9.891890 0.236445
0.563312 0.992528
10.683433 0.094956
3.107862 0.677712
8.084878 0.922719
11.937208 0.373021
9.269771 0.348555
12.155443 -0.135726
2.158487 0.481070
0.391687 0.548628
11.972082 0.515928
0.934004 0.383245
0.215788 0.523533
2.251793 0.643717
9.713411 0.620222
12.340114 0.353945
3.857856 0.838785
3.781159 0.915319
6.446535 0.391842
5.105245 0.324086
8.416547 0.079050
3.449118 0.292200
2.049912 0.785642
11.760275 0.803889
7.435792 0.078361
6.730409 0.556387
12.390152 0.546730
12.075647 0.772539
7.109124 0.727455
4.908699 0.727324
8.369979 0.778659
1.994863 0.378876
8.902775 0.097912
7.998280 0.900649
10.377662 0.108924
0.145171 0.655759
11.822238 0.438693
3.547216 0.414101
12.384012 0.418012
5.920432 0.243840
3.669398 0.255393
11.677427 0.542869
6.343912 0.960191
0.649676 0.732534
9.578935 0.444746
11.295021 0.225882
4.295463 0.730715
2.808690 0.749551
6.642176 0.972666
11.248236 0.104657
7.903126 0.693301
5.671824 0.564226
11.329826 0.831024
7.556248 0.875236
7.466531 0.168753
7.924072 0.196490
9.127091 0.295018
3.088210 0.472282
8.901492 0.073589
5.223310 0.667756
1.294028 0.776505
9.303391 0.502816
3.942458 0.456926
6.837524 0.203260
11.902647 0.136050
8.010653 0.641988
12.556466 0.500703
5.676326 0.518904
12.347673 0.792493
8.987963 0.846112
1.024620 0.793295
11.369551 0.251742
5.704770 0.888421
3.971175 0.484309
9.127335 0.208604
6.219803 0.923844
10.215151 0.910140
7.031876 0.510708
11.916057 0.964679
10.525881 0.011803
3.276626 0.273632
10.016308 0.175214
12.321373 0.134291
10.731696 0.485556
2.552383 0.626410
11.403473 0.288338
0.596140 0.703369
8.843746 0.760482
9.217227 0.434572
11.437560 0.204258
5.122644 0.997369
2.858721 0.589951
6.023502 0.980048
6.651666 0.290598
6.285107 0.488462
6.894546 0.896109
12.441002 0.594414
2.655217 0.775075
0.907991 0.496921
2.890447 0.718188
7.439686 0.727213
6.438942 0.123670
7.638841 0.851546
10.143926 0.776152
9.345991 0.432381
0.222550 0.447273
3.109689 0.550648
8.195166 0.673863
4.661771 0.519135
8.052032 0.597581
10.878801 0.863944
12.126013 0.506239
11.254754 0.529361
6.383181 0.552592
11.897496 0.193352
7.385843 0.747835
2.999515 0.790050
8.064837 0.974828
9.600720 -0.017652
9.426879 0.821087
10.710495 0.408834
0.086692 0.518076
11.001874 0.102049
3.989187 0.346759
6.643166 0.482379
9.518969 0.637817
10.146486 0.595951
4.680958 0.953860
8.668631 0.829361
7.861988 0.916833
4.539142 0.302042
10.810146 0.588183
9.874529 -0.034315
10.453564 -0.036723
12.459892 0.896967
2.292472 0.301778
8.551040 0.087568
1.663420 0.624372
2.686762 0.957175
2.261069 0.952445
10.089923 0.366077
3.626022 0.490664
5.896006 0.678433
8.902622 0.996538
11.318376 0.176468
9.363470 0.932905
10.675766 0.178077
12.524472 -0.108288
2.775728 0.960892
11.181661 -0.008174
3.668153 0.316967
6.775967 0.495479
6.204099 0.475659
11.066144 -0.014874
10.070252 0.865650
7.663342 0.951017
1.506605 0.740879
11.418723 0.828898
8.664966 0.516703
10.310708 0.812561
3.001198 0.422390
10.590987 0.542282
5.574599 0.969345
2.365115 0.370367
5.132942 0.398563
7.084806 0.608740
10.625245 -0.055169
9.721790 0.206798
3.072445 0.514967
3.327302 0.358818
8.945763 0.014632
1.612636 0.405771
11.812576 0.663565
8.211595 0.472164
0.705008 0.749410
7.496043 0.461291
9.614885 0.504765
8.825881 0.034072
5.646633 0.852517
12.272138 0.543738
10.756279 0.412321
6.819443 0.824001
6.875186 0.671279
12.254515 0.925696
9.462394 0.012800
1.149056 0.555474
0.378770 0.566087
1.157021 0.844714
6.539526 0.636154
12.238660 0.500421
0.386768 0.401046
8.850964 0.624918
1.986859 0.895036
3.605727 0.714993
11.258848 0.394668
4.754752 0.791792
3.035055 0.949901
10.323744 0.233061
1.176222 0.566967
2.643692 0.853902
12.105315 0.709532
2.389303 0.554554
6.389488 0.112220
2.484228 0.797195
0.039679 0.417088
7.708051 0.238625
10.754555 0.505915
9.915727 0.878146
7.817117 0.678938
10.302072 0.238558
8.280793 0.813923
11.020858 0.380596
11.212396 0.787905
1.043787 0.827643
9.000350 0.706978
5.498744 0.763050
8.354650 0.764913
9.679293 0.318050
8.725820 0.854026
2.755050 0.746280
5.771711 0.520300
9.940504 0.057778
4.687108 0.876421
7.483669 0.504240
6.571500 0.691341
9.592306 0.549651
0.175226 0.975749
2.988672 0.563177
2.163572 0.883985
10.271193 0.230121
11.226999 0.483532
6.387985 0.821671
10.236619 0.906793
3.669799 0.329519
9.902381 0.374847
9.472121 0.156767
8.821448 0.603801
5.748203 0.820161


0.466468 -0.186330
7.626999 -0.968445
7.533287 -0.313474
11.396221 -0.698881
11.359660 -0.642864
4.736252 -0.225884
7.754372 -0.871265
9.590086 -0.478202
3.265184 -0.077682
4.310079 -0.929016
3.384313 -0.320039
10.005629 -0.224013
11.777308 -0.834168
6.925274 -0.211067
9.232407 -0.422261
9.007341 -0.039334
0.277301 0.062324
6.049561 -0.646076
7.351154 -0.711614
10.675975 -0.199918
3.788450 -0.934610
9.360015 -0.536593
4.779830 -0.558660
1.175831 0.031066
9.246193 -0.512474
2.688026 -0.701768
0.151594 -0.286754
12.272859 -0.393714
6.296582 -0.603439
3.856030 -0.829409
4.763361 -0.863642
4.819499 0.136476
0.367672 0.146553
8.325490 -0.647619
10.487627 -0.379874
8.029900 -0.400899
6.342989 -0.277478
0.243619 -0.661002
7.667379 -0.117321
3.942518 -0.588101
3.576302 -0.243865
1.066375 -0.033888
2.097195 -0.507466
3.734740 -0.012225
7.380806 -0.031612
0.175511 -0.959340
11.123697 -0.569491
11.347145 -0.729714
7.142439 0.043450
12.411533 -0.412902
3.106065 -0.328560
5.877994 -0.625761
12.136814 -0.213107
1.569284 -0.227073
4.674752 0.112269
7.704821 -0.411283
7.406440 -0.398962
6.008489 0.073623
8.701385 -0.632076
1.026528 -0.004081
0.508101 -0.740532
5.790603 -0.234402
12.486045 -0.423318
7.893346 -0.901458
2.262726 -0.028196
12.340351 -0.720630
0.138725 -0.802318
3.881433 -0.571644
0.616240 0.032446
1.605433 0.174940
0.869113 -0.928232
2.517005 -0.939272
4.216179 -0.091606
5.525486 -0.650006
7.130629 -0.946459
5.215060 -0.201515
0.736996 -0.641219
3.210639 -0.636134
12.555662 -0.609578
11.532672 -0.463008
2.933723 0.135050
9.960842 -0.702488
11.073596 -0.270531
10.954947 -0.685532
3.918753 -0.744180
11.220671 -0.998823
11.165300 -0.836302
8.377273 -0.717510
11.787397 -0.589277
3.458699 0.195962
5.753782 -0.147615
9.867477 -0.271103
10.988296 -0.937745
10.781247 -0.086883
8.116337 -0.721932
4.402936 -0.179804
7.212159 -0.422598
2.112745 -0.758558
2.011720 -0.255514
2.065525 -0.876724
1.619939 -0.305482
9.428218 -0.313051
5.009665 -0.819073
6.926297 -0.450091
5.329428 -0.614460
8.389589 -0.743371
1.962335 -0.774568
1.556372 -0.583807
5.073651 -0.208012
8.076762 -0.921511
2.675657 -0.320168
5.839641 -0.583786
3.578860 -0.559065
3.438296 -0.506697
1.747346 -0.616201
3.059097 0.080904
4.108975 0.052904
10.814865 -0.337700
11.312087 -0.781340
7.115388 0.054951
5.519731 -0.011999
3.472749 0.151049
0.637233 -0.582085
2.415184 0.057215
9.343256 -0.873284
4.929192 0.112534
1.010364 -0.546161
8.437235 -0.771557
10.443556 -0.257354
4.570812 -0.340634
8.626792 -0.785226
10.311028 -0.634682
1.427505 -0.137167
1.784162 -0.939916
8.310790 -0.495681
2.990034 -0.859415
8.643286 -0.641381
2.734505 -0.946796
0.164952 -0.633295
5.244420 -0.129839
3.159481 -0.243436
4.308548 -0.385415
4.609870 -0.972517
9.968043 -0.507134
6.687727 -0.724739
2.575936 -0.092674
0.863035 -0.510012
6.853952 -0.104299
9.956220 -0.943529
6.721031 -0.876248
1.719197 -0.243090
4.777190 0.036322
10.220608 -0.544491
7.999872 -0.749477
4.029373 0.056621
0.085584 0.394332
5.738159 0.065984
8.084197 -0.069486
6.440569 -0.724803
5.660498 -0.074015
4.116425 -0.717335
9.716510 -0.932308
0.763013 0.222365
8.483595 -0.734889
6.311905 0.037279
0.530513 -0.646922
8.144668 -0.097370
8.798819 -0.424945
10.380908 -0.961507
3.855196 -0.525181
0.219738 0.200284
5.692429 0.091812
7.642902 -0.636314
2.684544 -0.984634
3.401535 -0.806363
3.267878 -0.632450
6.733709 -0.289106
7.387227 -0.306592
4.709260 -0.759581
2.349857 -0.379687
1.593182 0.075427
4.554860 -0.606162
6.797060 -0.312373
2.266669 -0.997828
2.948573 -0.034348
11.312798 -0.694094
10.805864 -0.839637
0.306610 -0.742994
5.091785 -0.926777
0.943601 0.278632
0.648169 -0.998841
9.897915 -0.179216
11.352580 -0.413856
0.088694 -0.339075
0.168122 0.099222
4.945055 -0.749548
8.784364 -0.154739
3.038105 -0.972469
8.028151 -0.759291
2.613484 -0.753727
11.199150 -0.597002
9.470546 -0.838766
0.376243 -0.513368
8.109253 -0.188121
6.283261 -0.557117
5.704132 -0.459995
1.671116 -0.098855
0.662344 -0.839455
2.718772 -0.593097
6.732820 -0.768357
1.581765 -0.916855
8.418756 0.019920
4.414088 0.072627
7.911564 -0.288980
4.739083 -0.109556
7.180340 -0.214200
4.292981 -0.307796
6.193445 -0.050147
2.816660 0.071353
2.950057 -0.020428
2.096396 -0.591822
3.232572 -0.833386
1.287147 -0.993590
7.323125 -0.314761
3.078847 0.145540
2.956217 0.148279
12.258917 -0.401958
3.766702 -0.940719
3.266272 0.156228
4.774722 -0.137773
6.813528 -0.435471
8.018164 -0.695393
4.095792 -0.740220
10.562839 -0.590380
4.382960 -0.837696
1.762917 -0.861030
6.428822 -0.810963
1.390989 -0.058131
2.631319 -0.696196
5.834870 0.022129
8.944531 -0.862693
0.681076 -0.211478
1.228877 -0.035123
6.929486 0.066292
4.443793 -0.019000
3.663686 0.129691
8.355868 -0.339085
9.220241 -0.803409
6.820116 -0.515193
11.838927 -0.569391
11.276336 -0.660888
5.988165 -0.758679
10.890857 -0.310110
10.121443 -0.663736
3.268995 -0.955283
2.678526 -0.896673
7.694695 -0.017977
9.553275 -0.258509
0.926694 0.063948
10.913546 -0.097055
4.955789 -0.599198
1.051266 -0.211523
5.235924 -0.512418
5.159181 0.025417
2.837604 -0.859386
11.966050 -0.265649
7.966194 -0.134121
1.812861 -0.472730
11.873858 -0.973049
3.386804 -0.383603
12.564733 -0.724767
4.560033 -0.358697
10.341329 -0.294550
4.549623 -0.886271
2.429811 0.030534
7.839749 -0.566123
3.341392 -0.511015
5.282269 -0.780528
7.542545 -0.766505
6.046517 0.090200
8.869752 -0.913137
9.228580 -0.275184
10.572120 -0.468543
5.289789 0.092410
6.999224 -0.358310
2.490159 -0.944602
0.127099 -0.335224
6.871735 -0.816390
5.557518 -0.522223
7.944724 -0.256610
10.244532 -0.518860
6.134034 -0.075841
8.445139 -0.741903
4.617239 -0.098809
3.612539 -0.098012
5.988354 -0.730233
10.977632 -0.253927
11.294284 -0.742058
5.585067 0.050584
1.115158 -0.019407
0.236698 -0.833763
2.015698 -0.014812
0.138374 -0.459258
7.694801 -0.915879
7.179440 -0.207881
2.338217 0.137141
4.512863 -0.801250
2.975646 -0.961654
10.944363 -0.734933
7.933076 -0.347266
7.985976 -0.918588
8.766024 0.003486
6.527694 -0.345308
3.789112 -0.568817
11.527912 -0.927939
3.339264 0.164733
9.029370 -0.195520
3.676219 -0.726130
10.312348 -0.423708
7.220627 -0.943165
0.744970 0.244693
3.688445 0.162055
4.134356 -0.427785
4.098403 0.056696
3.718958 -0.508046
0.008586 0.226580
0.662088 -0.128179
0.292534 -0.420723
1.238141 0.241354
2.227557 -0.815953
6.471271 -0.497755
7.546112 -0.823895
4.766860 0.119840
9.077877 -0.120524
3.279499 -0.173211
3.581574 -0.182724
7.315548 -0.783224
11.761989 -0.162559
10.026350 -0.884953
11.138001 -0.145928
7.779325 -0.748568
11.104130 -0.872584
7.820044 -0.157596
10.790929 -0.739749
11.548814 -0.675739
1.246289 -0.473610
5.024679 -0.359944
10.979703 -0.462920
6.402652 -0.822319
5.761013 0.019688
1.811824 -0.419728
8.095110 -0.918756
1.225347 0.336606
7.546953 -0.889209
0.592181 -0.032602
0.735360 0.128498
2.022737 0.111094
1.079466 0.005380
1.843791 -0.327819
12.248818 -0.386337
9.066528 -0.547302
1.716634 -0.768588
10.789205 -0.854489
4.697874 -0.667385
1.770024 0.226964
4.294081 0.012837
11.547908 -0.159561
2.143217 -0.855782
5.927482 -0.116528
12.333146 -0.253133
5.215430 0.111711
0.790814 -0.423483
11.151759 -0.765195
9.094659 -0.684148
11.157057 -0.664652
5.507944 -0.835203
6.736428 -0.306898
0.526638 -0.557370
7.446600 -0.823413
8.251257 -0.710842
12.188301 -0.322422
4.280556 -0.760731
7.126890 -0.296799
6.362827 -0.251697
2.691897 -0.293606
5.916437 -0.246565
2.161454 -0.949962
9.070983 -0.857738
2.780518 -0.767910
0.113416 0.274248
4.494116 -0.123599
4.187852 0.073749
1.395695 0.245752
2.585476 -0.227366
1.420828 -0.776016
0.223117 -0.133647
3.186820 -0.456929
12.250346 -0.567995
8.118711 -0.779290
5.371254 -0.081560
0.187141 -0.673592
11.015699 -0.879337
2.849713 -0.992403
5.944569 -0.010159
10.592618 -0.522553
10.621995 -0.751004
1.621908 -0.397070
2.361703 0.004950
0.237537 0.323875
3.167181 0.023701
4.904130 -0.866635
8.266011 -0.648202
9.096730 -0.836140
8.061922 -0.579871
3.940376 -0.616483
5.155393 0.115981
0.530489 -0.158390
6.283672 -0.187150
6.302324 -0.911045
10.466041 -0.506917
0.538144 0.372625
10.096258 -0.782878
7.081201 -0.685675
5.120155 -0.185714
11.304655 -0.687237
2.863662 0.195194
1.709540 -0.141967
5.789326 -0.647527
2.858539 -0.211032
6.579904 -0.618481
5.042003 -0.745959
4.375018 -0.882000
6.137768 -0.523780
1.704259 -0.287781
1.953291 -0.037948
12.040257 -0.890262
6.392059 -0.350962
10.671927 -0.578437
1.099201 -0.108948
12.398973 -0.510178
1.018889 -0.858331
3.345187 -0.104615
0.999314 -0.903511
3.510643 -0.984592
12.149650 -0.830688
9.947508 -0.395615
7.705860 -0.661817
6.745682 -0.724143
4.899224 -0.349780
4.421847 -0.429303
10.355555 -0.708671
1.942624 -0.069885
9.914899 -0.688565
5.197856 0.014240
7.687179 -0.366119
8.963991 -0.190188
10.047182 -0.344777
2.359568 -0.176645
5.110685 -0.168172
5.234283 -0.139604
3.532066 -0.820074
9.747873 -0.977803
2.234235 -0.691135
8.627465 -0.085128
10.064176 -0.298934
7.587275 -0.715465
9.013849 -0.979399
6.888264 -0.755110
1.662279 -0.221454
10.860057 -0.690643
9.711255 -0.377195
11.102117 -0.781853
0.716410 -0.490301
0.636055 -0.390989
3.880407 -0.656439
7.523779 -0.401560
7.285838 -0.533840
0.647397 -0.398056
2.534393 -0.170853
5.491143 0.020404
12.204407 -0.903882
5.869913 -0.011508
5.643633 -0.915690
10.691176 -0.546997
10.718895 -0.748677
2.920221 0.185649
9.925698 -0.156844
1.623490 -0.377730
12.048961 -0.844843
2.255003 -0.734651
6.388208 0.026553
1.510110 -0.718633
6.708386 -0.870072
3.707303 0.008345
5.039381 -0.010409
0.354324 -0.891025
1.895634 -0.692390
7.585372 -0.076118
9.326449 -0.984792
9.117761 -0.279809
8.087676 -0.549413
9.354122 -0.369913
4.199948 -0.451544
2.851447 -0.797344
5.493885 -0.522913
8.241191 -0.966525
4.915204 0.154735
1.720022 -0.563201
1.291647 -0.951176
10.161155 -0.849188
11.498011 -0.694718
1.225029 -0.921629
11.500043 -0.542646
1.263197 -0.316282
10.496842 -0.419068
10.284889 -0.387147
0.485087 -0.484631
1.300050 -0.589620
12.440748 -0.605287
5.298945 -0.440599
10.109967 -0.380614
11.197470 -0.891119
3.197096 -0.947222
8.964674 -0.647193
6.800606 -0.402324
12.104439 -0.628527
0.595297 -0.330868
7.585913 -0.780213
1.918462 -0.902281
9.945531 -0.615667
0.249247 -0.471625
10.938817 -0.518715
2.813252 -0.169755
3.394410 -0.716865
2.607330 -0.692048
7.488523 -0.655989
1.052528 -0.408982
8.646750 -0.370905
3.558294 -0.102521
4.195994 -0.194594
10.752165 -0.310911
11.926380 -0.368590
7.007834 0.056676
8.607649 -0.087454
4.677597 -0.605483
3.618665 0.175566
4.098371 -0.332226
2.934030 -0.542604
1.470074 -0.068281
10.222627 -0.576740
7.121024 -0.774429
5.118403 -0.062393
0.499357 0.065550
5.497234 -0.005076
0.704619 -0.094379
0.023410 -0.883447
6.950921 -0.000432
8.682828 -0.449709
6.754152 -0.887165
11.861978 -0.977014
10.134701 -0.829342
1.606708 -0.774003
8.837095 -0.211579
11.638845 -0.646675
6.029638 -0.590621
10.648485 -0.285000
1.653591 0.310733
6.223981 -0.770032
3.879214 -0.561072
0.116524 -0.688929
5.237982 -0.392163
7.381837 -0.765151
9.757890 -0.171164
0.089060 0.018544
1.152238 -0.614075
11.593449 -0.745664
7.323739 -0.240953
0.020562 -0.558923
4.249180 -0.086120
1.069671 -0.862628
5.312124 -0.869716
0.569617 -0.961408
7.662316 -0.466790
7.364334 -0.231758
0.548448 -0.245702
11.285291 -0.547019
10.686853 -0.974122
6.242331 -0.560157
11.095816 -0.497218
7.880901 0.005557
