7.297276 1.080849
11.443002 -0.739424
0.395540 0.027343
0.806837 0.276230
12.542013 -0.312903
0.552241 0.643481
8.541876 0.664202
1.025504 0.667570
9.503374 -0.008791
10.455528 -0.943716
11.532013 -0.483154
5.432393 -1.083486
3.865934 -0.315222
7.712216 1.369492
0.987806 0.456266
6.077369 -0.604894
1.018985 1.091974
3.816489 -0.906018
4.883269 -1.144764
12.438573 -0.202790
2.588269 0.491333
11.131316 -0.740468
11.182999 -1.386641
7.664917 0.771168
2.786473 0.598019
5.160021 -0.409347
10.521453 -0.922366
6.040473 -0.055811
6.269516 -0.392493
8.250936 0.548504
12.394539 -0.647710
0.864858 1.180627
10.237637 -0.361674
3.209303 -0.237217
5.719435 -0.253931
5.177304 -0.408120
2.135152 1.249308
5.134854 -0.767363
2.635543 0.878899
4.140594 -1.063399
7.539165 0.735222
11.796897 -0.945800
9.779812 -0.505008
5.353846 -1.086304
6.231213 -0.039300
0.833350 0.958835
7.803997 1.302353
3.029396 0.119872
2.892409 0.359389
12.276304 -0.563541
5.920543 -0.277247
11.546135 -0.899114
2.585284 0.092046
2.787361 0.197838
7.250912 0.426635
6.196039 -0.517158
4.782763 -1.238158
0.966166 0.461543
0.786721 0.231788
10.513945 -0.421529
0.699661 0.443675
8.871149 0.366087
10.760527 -1.235058
4.039060 -1.155211
4.482421 -1.135639
5.243676 -0.453658
11.500127 -0.974188
0.254188 0.114219
1.773452 0.810993
6.127092 -0.242340
4.889332 -1.099105
5.599337 -0.164091
7.487632 0.537803
7.767660 0.939730
11.793266 -0.933258
0.662922 0.171886
0.342719 -0.065062
6.070285 0.199930
8.308644 0.416621
9.950206 -0.727161
10.704904 -1.378170
3.926911 -0.849959
1.162361 0.476911
4.996539 -1.209798
5.650434 -0.372229
10.374960 -0.568008
0.233413 -0.027851
5.141298 -0.910099
0.932040 0.471568
0.958730 1.045638
3.168943 -0.180457
8.262340 1.227131
12.543700 0.332937
1.640808 0.943138
4.725465 -0.720679
1.147351 0.719637
8.716513 0.851846
1.233965 1.349702
4.086638 -1.253503
6.481612 0.678253
1.979608 0.810379
8.036329 1.419383
5.118371 -1.353776
0.713366 0.654037
2.588975 0.336551
9.972092 -0.754414
10.959269 -0.918504
5.893225 -0.250216
0.844245 1.040007
4.120973 -0.880584
0.540874 0.644083
0.808851 1.172448
8.851817 0.389515
0.699391 0.462761
6.480854 0.480387
6.713897 0.236738
11.773482 -0.829219
9.326649 0.449291
4.514698 -1.365434
10.836038 -1.036181
4.116659 -0.757339
0.091874 0.194328
7.024024 1.129693
12.324068 -0.722553
5.066442 -0.697497
2.542982 0.555879
5.901039 -0.848981
11.290756 -1.303913
7.379726 0.916431
10.820959 -0.526843
2.963324 0.055579
10.919172 -1.122485
5.025718 -1.356192
2.967704 -0.222225
5.458497 -0.637510
2.520701 0.779769
4.126407 -0.400367
8.668515 0.304160
9.473880 -0.224760
7.386746 0.786587
6.528087 0.466598
7.438776 1.073630
10.927664 -0.639131
0.713827 0.178086
2.629398 0.683923
10.588859 -0.624298
6.173366 0.348713
1.156402 1.218581
4.864615 -0.808261
9.246332 -0.296583
0.004851 0.238679
6.389571 0.135993
3.359627 0.248295
10.505413 -0.389249
2.451884 0.733941
9.398225 0.045496
8.754674 0.356491
6.422273 -0.171949
1.125405 0.898297
0.243796 -0.130656
2.032035 1.267739
9.453446 0.097807
8.294458 1.164695
3.580790 -0.247070
10.846517 -1.264612
10.417393 -0.987102
4.814120 -0.496849
10.729476 -1.218320
11.699234 -1.060773
4.630905 -0.688688
9.477605 0.336044
7.634680 1.241037
6.540906 0.159864
4.557577 -0.750553
2.398520 0.507496
2.693133 0.517130
3.463904 -0.041659
10.884198 -1.195816
0.977677 0.996711
3.741696 -0.916496
3.289846 -0.376581
12.193348 -0.331788
11.709032 -0.463205
5.196525 -1.359316
3.161241 0.050026
8.055062 1.156680
4.143473 -1.157139
0.181148 0.427881
2.590360 0.237116
12.496512 0.365698
5.010662 -1.022244
7.297584 0.797607
3.677984 -0.493593
2.446319 0.864803
7.183380 0.433459
3.602942 -0.615647
2.122399 0.516332
7.555870 1.298454
5.500091 -1.151104
7.654296 1.422978
6.083020 -0.341048
10.263866 -1.176612
2.698775 0.349567
2.495021 0.778710
1.643813 0.535262
2.543670 0.668357
7.887726 0.809553
8.573513 0.261598
2.918859 0.011539
4.467811 -0.956327
4.395695 -1.206219
5.992358 -0.451080
8.884777 0.242421
12.215613 0.027381
8.615022 0.287724
1.244245 0.984758
10.724712 -1.314987
3.500787 -0.544096
4.886358 -1.293619
4.905414 -1.467911
3.488096 -0.500993
5.645068 -0.995494
6.107541 0.078582
8.553500 1.004520
2.862894 0.192957
8.785472 0.728294
4.791436 -1.055256
5.569556 -0.456911
6.109332 -0.565071
11.910855 -0.696840
5.495681 -0.482536
5.513199 -1.146795
9.660906 -0.040259
8.071205 0.942486
3.239118 0.050553
9.374830 0.547415
3.889268 -0.491803
7.236529 0.405618
2.857385 0.127576
6.237065 -0.172843
9.277009 0.492636
3.806543 -0.552252
8.384394 1.311762
6.762598 0.190952
11.156769 -1.386223
5.049189 -1.216017
2.250471 1.204726
0.918959 1.009851
4.555438 -0.659136
5.479896 -0.796381
8.597748 1.181782
4.830717 -0.895692
12.390244 0.255702
12.251127 -0.510043
0.400497 0.245968
4.833989 -0.647806
9.204333 0.653017
5.736594 -0.048861
0.000330 0.152502
10.671242 -0.577653
11.961076 -0.356701
9.365510 0.463746
8.397743 1.253273
6.152312 -0.515461
10.700420 -1.357654
0.148445 0.054666
9.003958 0.867972
3.457115 -0.122597
3.310815 -0.356144
11.422443 -0.797943
8.896322 0.415960
5.009464 -1.417079
3.568409 -0.708992
0.391181 0.421090
2.240378 1.249648
7.706399 1.460602
9.272061 0.481852
9.187837 -0.232553
8.372685 0.769447
11.382042 -0.872746
11.129434 -0.583580
3.646239 -0.376704
6.329544 -0.202435
6.436852 -0.111279
3.652919 -0.842817
10.944614 -1.158813
8.013184 1.016389
4.062962 -0.401824
4.830543 -1.220773
10.316254 -0.958623
6.058599 -0.346152
4.018652 -1.037390
0.995552 0.859432
5.387043 -1.057410
10.779066 -0.554822
2.739300 0.034225
6.548932 0.086491
6.079178 -0.540394
4.787153 -0.967207
5.983671 0.145414
8.524805 0.601775
8.740507 0.973540
11.640239 -0.418258
8.226041 0.836194
11.455463 -0.920374
11.002512 -0.866710
2.007217 0.512431
6.308010 0.160544
7.959986 1.320584
2.769459 0.427884
2.118471 0.450267
4.570086 -0.738647
1.204171 1.147937
10.916641 -0.955188
2.445236 1.138924
4.575616 -1.425934
3.119653 0.037076
6.090532 -0.457590
4.984844 -0.880270
4.633133 -1.189897
2.785281 0.626148
5.499888 -1.164785
4.229235 -0.878456
12.535244 0.410316
10.672216 -0.909443
9.419219 0.226347
11.515552 -0.522915
10.943776 -1.085909
1.216699 0.652369
12.254214 0.162825
12.340881 -0.304344
10.001504 -0.844876
1.410221 0.519266
10.773640 -1.442105
8.618693 0.330318
6.400840 0.383427
2.556224 0.328273
11.658434 -0.628564
2.316365 0.526619
7.622747 0.777721
5.214295 -1.063358
9.775853 -0.259269
0.744763 0.818547
4.457939 -0.898384
6.699281 -0.008153
9.914024 -0.636987
6.111414 -0.439663
10.977474 -0.767226
5.469994 -1.051259
7.140189 0.883959
8.054822 1.315444
10.999174 -1.224507
8.906762 0.241010
6.006822 0.158663
2.268225 0.568418
8.363190 0.965676
8.578193 0.413312
1.862416 1.230270
11.726007 -1.235020
1.686552 1.267541
9.131007 0.194839
8.701140 0.694483
10.398457 -1.213716
3.066806 -0.051043
10.046199 -0.366181
2.256216 0.822924
11.230439 -1.362632
1.825980 1.431807
10.834014 -0.556225
2.871794 -0.231321
10.694809 -0.593940
1.818241 1.176918
11.150685 -1.109113
1.737793 1.229231
3.170244 -0.171516
9.580949 -0.388177
5.751191 -0.686738
10.358755 -0.551852
9.248372 0.358703
7.890038 1.296826
0.857569 0.979263
8.772161 0.902621
4.933875 -1.214598
10.815844 -0.675722
7.292148 1.280590
9.197383 -0.090084
12.328368 -0.191405
0.130555 -0.326334
12.165471 -0.065747
9.893641 -0.590306
7.567986 1.131937
1.753143 0.961832
1.150252 1.130769
3.591400 -0.583043
12.143393 -0.848873
11.719687 -0.444740
4.576499 -0.695903
1.944268 1.231139
5.648974 -0.308421
1.391890 1.161816
4.611180 -1.473780
0.868911 0.714974
4.549696 -0.892375
1.671479 1.232253
6.538423 0.472963
9.754401 -0.510485
8.333991 0.518099
8.028385 1.431082
6.629967 0.168855
0.820737 0.958048
11.057105 -1.407980
0.497528 0.921700
3.046908 0.220015
11.072750 -1.189001
10.258155 -0.288073
7.895272 0.658899
0.615113 0.748899
0.746047 1.170028
8.418627 0.589694
10.665584 -1.233786
4.814188 -1.222512
10.998796 -1.247480
5.839809 -0.797709
3.053851 0.396917
6.232322 0.166606
2.385873 0.654222
3.234191 -0.036401
0.787404 0.794273
9.556152 -0.551712
10.056666 -0.245584
3.680838 -0.550125
7.606218 1.443728
10.135346 -0.445642
3.251549 -0.437867
1.192676 1.005468
10.497150 -0.707298
3.220261 0.221136
0.262369 0.590423
9.651861 -0.013856
0.319591 0.202756
10.785408 -0.720118
1.840935 0.903214
11.682812 -0.309209
5.658834 -0.491403
7.408123 1.042864
2.056093 0.826245
10.064386 -0.410459
6.915374 0.394051
5.921475 -0.272978
2.934945 0.298792
8.621369 0.696977
2.662193 0.557246
8.622583 0.779726
7.209609 1.085478
1.477122 1.076376
10.223814 -0.879254
10.702818 -1.020471
6.148324 0.203721
9.914109 -0.543816
6.423581 -0.050624
5.733408 -0.556090
11.524428 -1.002904
6.270117 0.469531
0.105823 -0.163835
8.849464 0.215865
8.560975 0.995344
9.737508 -0.146780
3.032952 -0.297084
1.276046 1.256856
1.552283 1.055396
4.181252 -1.145924
7.381992 0.648430
0.429066 -0.075694
7.571656 1.456336
9.335856 -0.259230
0.563419 0.722745
8.443178 0.755280
5.340407 -1.005979
10.736850 -0.719160
5.421243 -0.449788
4.894900 -1.459079
5.212819 -0.607968
9.037194 0.664433
12.424237 -0.053910
10.017186 -0.099152
3.293164 0.330635
2.475985 0.299968
5.702096 -0.578992
6.553452 0.724251
2.377790 0.864641
12.165061 -0.758353
3.949563 -0.798027
1.822092 1.403310
12.052767 -0.062255
9.614669 0.138884
3.357261 0.244666
1.841519 0.906395
2.238581 0.501134
7.581397 0.918263
6.579644 0.431560


11.443002 -0.739424
0.552241 0.643481
9.503374 -0.008791
11.532013 -0.483154
3.865934 -0.315222
1.018985 1.091974
11.131316 -0.740468
2.786473 0.598019
5.160021 -0.409347
6.040473 -0.055811
10.237637 -0.361674
5.719435 -0.253931
5.177304 -0.408120
5.134854 -0.767363
2.635543 0.878899
6.231213 -0.039300
0.833350 0.958835
3.029396 0.119872
2.892409 0.359389
5.920543 -0.277247
10.513945 -0.421529
5.243676 -0.453658
5.599337 -0.164091
6.070285 0.199930
5.650434 -0.372229
10.374960 -0.568008
0.958730 1.045638
12.543700 0.332937
4.725465 -0.720679
6.481612 0.678253
10.959269 -0.918504
5.893225 -0.250216
0.844245 1.040007
0.540874 0.644083
0.808851 1.172448
6.480854 0.480387
9.326649 0.449291
4.116659 -0.757339
0.091874 0.194328
5.066442 -0.697497
10.820959 -0.526843
5.458497 -0.637510
2.520701 0.779769
4.126407 -0.400367
6.528087 0.466598
10.927664 -0.639131
2.629398 0.683923
10.588859 -0.624298
6.173366 0.348713
4.864615 -0.808261
0.004851 0.238679
6.389571 0.135993
3.359627 0.248295
10.505413 -0.389249
2.451884 0.733941
9.398225 0.045496
9.453446 0.097807
3.580790 -0.247070
4.814120 -0.496849
4.630905 -0.688688
9.477605 0.336044
4.557577 -0.750553
2.693133 0.517130
3.463904 -0.041659
0.977677 0.996711
12.193348 -0.331788
11.709032 -0.463205
3.161241 0.050026
0.181148 0.427881
3.677984 -0.493593
2.446319 0.864803
2.495021 0.778710
2.543670 0.668357
4.467811 -0.956327
12.215613 0.027381
1.244245 0.984758
6.107541 0.078582
5.569556 -0.456911
5.495681 -0.482536
9.660906 -0.040259
3.239118 0.050553
9.374830 0.547415
3.889268 -0.491803
9.277009 0.492636
3.806543 -0.552252
0.918959 1.009851
4.555438 -0.659136
4.830717 -0.895692
12.390244 0.255702
4.833989 -0.647806
5.736594 -0.048861
0.000330 0.152502
10.671242 -0.577653
11.961076 -0.356701
9.365510 0.463746
3.457115 -0.122597
11.422443 -0.797943
0.391181 0.421090
9.272061 0.481852
11.382042 -0.872746
11.129434 -0.583580
3.646239 -0.376704
4.062962 -0.401824
0.995552 0.859432
10.779066 -0.554822
4.787153 -0.967207
5.983671 0.145414
11.640239 -0.418258
11.002512 -0.866710
6.308010 0.160544
2.769459 0.427884
4.570086 -0.738647
1.204171 1.147937
10.916641 -0.955188
3.119653 0.037076
4.984844 -0.880270
2.785281 0.626148
4.229235 -0.878456
10.672216 -0.909443
9.419219 0.226347
11.515552 -0.522915
12.254214 0.162825
6.400840 0.383427
11.658434 -0.628564
9.775853 -0.259269
0.744763 0.818547
4.457939 -0.898384
10.977474 -0.767226
6.006822 0.158663
10.046199 -0.366181
2.256216 0.822924
10.834014 -0.556225
10.694809 -0.593940
10.358755 -0.551852
9.248372 0.358703
0.857569 0.979263
10.815844 -0.675722
12.328368 -0.191405
12.165471 -0.065747
1.150252 1.130769
11.719687 -0.444740
4.576499 -0.695903
5.648974 -0.308421
4.549696 -0.892375
6.538423 0.472963
0.820737 0.958048
0.497528 0.921700
3.046908 0.220015
10.258155 -0.288073
0.615113 0.748899
0.746047 1.170028
3.053851 0.396917
6.232322 0.166606
3.234191 -0.036401
0.787404 0.794273
10.056666 -0.245584
10.135346 -0.445642
1.192676 1.005468
10.497150 -0.707298
3.220261 0.221136
0.262369 0.590423
9.651861 -0.013856
10.785408 -0.720118
11.682812 -0.309209
5.658834 -0.491403
10.064386 -0.410459
5.921475 -0.272978
2.934945 0.298792
2.662193 0.557246
1.477122 1.076376
6.148324 0.203721
6.270117 0.469531
9.737508 -0.146780
1.552283 1.055396
0.563419 0.722745
10.736850 -0.719160
5.421243 -0.449788
5.212819 -0.607968
12.424237 -0.053910
10.017186 -0.099152
3.293164 0.330635
6.553452 0.724251
2.377790 0.864641
12.052767 -0.062255
9.614669 0.138884
3.357261 0.244666
6.579644 0.431560


0.395540 0.027343
0.806837 0.276230
12.542013 -0.312903
8.541876 0.664202
1.025504 0.667570
10.455528 -0.943716
0.987806 0.456266
6.077369 -0.604894
12.438573 -0.202790
2.588269 0.491333
7.664917 0.771168
10.521453 -0.922366
6.269516 -0.392493
8.250936 0.548504
12.394539 -0.647710
3.209303 -0.237217
7.539165 0.735222
11.796897 -0.945800
9.779812 -0.505008
12.276304 -0.563541
11.546135 -0.899114
2.585284 0.092046
2.787361 0.197838
7.250912 0.426635
6.196039 -0.517158
0.966166 0.461543
0.786721 0.231788
0.699661 0.443675
8.871149 0.366087
11.500127 -0.974188
0.254188 0.114219
1.773452 0.810993
6.127092 -0.242340
7.487632 0.537803
7.767660 0.939730
11.793266 -0.933258
0.662922 0.171886
0.342719 -0.065062
8.308644 0.416621
9.950206 -0.727161
1.162361 0.476911
0.233413 -0.027851
0.932040 0.471568
3.168943 -0.180457
1.640808 0.943138
1.147351 0.719637
1.979608 0.810379
0.713366 0.654037
2.588975 0.336551
9.972092 -0.754414
8.851817 0.389515
0.699391 0.462761
6.713897 0.236738
11.773482 -0.829219
10.836038 -1.036181
12.324068 -0.722553
2.542982 0.555879
2.963324 0.055579
10.919172 -1.122485
2.967704 -0.222225
8.668515 0.304160
9.473880 -0.224760
7.386746 0.786587
0.713827 0.178086
9.246332 -0.296583
8.754674 0.356491
6.422273 -0.171949
1.125405 0.898297
0.243796 -0.130656
10.417393 -0.987102
11.699234 -1.060773
6.540906 0.159864
2.398520 0.507496
3.289846 -0.376581
2.590360 0.237116
7.297584 0.797607
7.183380 0.433459
3.602942 -0.615647
2.122399 0.516332
6.083020 -0.341048
2.698775 0.349567
1.643813 0.535262
7.887726 0.809553
8.573513 0.261598
2.918859 0.011539
5.992358 -0.451080
8.884777 0.242421
8.615022 0.287724
3.500787 -0.544096
3.488096 -0.500993
2.862894 0.192957
6.109332 -0.565071
11.910855 -0.696840
8.071205 0.942486
7.236529 0.405618
2.857385 0.127576
6.237065 -0.172843
6.762598 0.190952
5.479896 -0.796381
12.251127 -0.510043
0.400497 0.245968
6.152312 -0.515461
0.148445 0.054666
3.310815 -0.356144
8.896322 0.415960
9.187837 -0.232553
8.372685 0.769447
6.329544 -0.202435
6.436852 -0.111279
10.944614 -1.158813
10.316254 -0.958623
6.058599 -0.346152
2.739300 0.034225
6.548932 0.086491
6.079178 -0.540394
8.524805 0.601775
8.226041 0.836194
11.455463 -0.920374
2.007217 0.512431
2.118471 0.450267
6.090532 -0.457590
10.943776 -1.085909
1.216699 0.652369
12.340881 -0.304344
10.001504 -0.844876
1.410221 0.519266
8.618693 0.330318
2.556224 0.328273
2.316365 0.526619
7.622747 0.777721
6.699281 -0.008153
9.914024 -0.636987
6.111414 -0.439663
8.906762 0.241010
2.268225 0.568418
8.578193 0.413312
11.726007 -1.235020
9.131007 0.194839
3.066806 -0.051043
2.871794 -0.231321
11.150685 -1.109113
3.170244 -0.171516
9.580949 -0.388177
5.751191 -0.686738
9.197383 -0.090084
0.130555 -0.326334
9.893641 -0.590306
1.753143 0.961832
3.591400 -0.583043
12.143393 -0.848873
0.868911 0.714974
9.754401 -0.510485
8.333991 0.518099
6.629967 0.168855
11.072750 -1.189001
7.895272 0.658899
8.418627 0.589694
5.839809 -0.797709
2.385873 0.654222
9.556152 -0.551712
3.680838 -0.550125
3.251549 -0.437867
0.319591 0.202756
1.840935 0.903214
2.056093 0.826245
6.915374 0.394051
8.621369 0.696977
10.223814 -0.879254
10.702818 -1.020471
9.914109 -0.543816
6.423581 -0.050624
5.733408 -0.556090
11.524428 -1.002904
0.105823 -0.163835
8.849464 0.215865
3.032952 -0.297084
7.381992 0.648430
0.429066 -0.075694
9.335856 -0.259230
8.443178 0.755280
2.475985 0.299968
5.702096 -0.578992
12.165061 -0.758353
1.841519 0.906395
2.238581 0.501134
7.581397 0.918263


3.960743 0.358929
7.694557 0.345373
7.487959 0.116809
12.486883 0.228985
3.029468 0.295919
6.159813 0.810120
3.693427 0.475928
11.917938 0.194109
5.517571 0.789982
2.117604 0.783656
8.296456 0.809267
10.132861 0.050344
10.070690 0.217195
7.794597 0.165594
2.656330 0.604668
1.828882 0.519661
4.834024 0.073037
10.530097 0.706095
5.031769 0.625398
9.381160 0.481604
10.533334 -0.127683
5.076745 0.449194
8.070191 0.083188
1.321942 0.759073
5.639804 0.855201
8.787956 0.987121
9.243066 0.163387
3.348532 0.651183
8.921346 0.790758
7.190245 -0.055453
10.005840 -0.292320
2.262060 0.294328
0.327754 0.797819
10.208131 0.873669
11.077857 0.617577
3.078282 0.544859
3.908896 0.341099
4.577664 0.723813
3.838212 0.450104
8.361478 0.712268
1.688697 0.968491
4.620929 0.417165
8.323060 0.537398
3.589731 0.206565
3.134021 0.991087
2.941800 0.493191
1.360534 0.892071
2.936598 0.485841
5.311752 0.148169
0.776707 0.433831
0.409319 0.960403
7.803468 0.850414
9.985812 0.099812
4.472593 0.389650
7.141978 0.965706
1.267823 0.724969
11.611037 0.011599
9.769614 0.588762
11.558958 0.031931
4.346233 0.377636
12.546679 0.460071
3.557480 0.941218
3.231339 0.717842
12.271755 -0.234343
12.467720 0.663147
4.918224 0.476571
11.583830 -0.096161
7.723193 0.232654
9.542502 -0.032481
9.216640 0.171416
8.406493 -0.093227
2.990391 0.635981
1.855724 0.428094
7.234256 0.356725
8.173069 0.734429
9.520050 0.116455
11.176547 0.165952
7.665736 0.317171
12.551502 -0.407299
6.042428 0.554972
4.389906 0.864286
11.849472 -0.116954
5.505409 0.119612
6.360734 0.599270
1.664457 0.696369
5.338154 0.045707
5.747398 0.262758
12.029988 0.331244
7.831616 0.274195
2.921073 0.939876
11.918597 0.247859
9.425054 0.886483
9.008770 0.311280
6.887048 0.385146
3.666147 0.423046
11.740699 0.524293
10.277270 0.418183
5.550391 0.221912
8.046515 -0.125789
1.024986 0.890801
3.478877 0.899427
4.506274 0.848033
6.657903 0.600168
1.891389 0.564308
7.175776 0.005995
2.950015 0.755317
3.080973 0.435648
11.179644 0.006678
0.411934 0.936097
9.076786 -0.171371
3.324720 0.536395
6.550050 0.312445
6.458618 0.202093
8.932407 0.990905
8.626650 -0.027862
6.014077 0.531856
4.801404 0.624677
10.379335 -0.172553
10.889053 0.438685
11.248484 0.125172
5.957841 0.120064
10.480192 0.838544
6.875033 0.733670
3.620001 0.828770
0.976067 0.962554
1.690909 0.436664
11.771134 -0.082314
3.720247 0.633568
3.961575 0.643348
6.371264 0.069779
8.607899 0.816607
6.138709 0.907230
8.687067 0.729491
3.916004 0.311628
9.682401 0.407578
12.102001 0.142513
12.369856 0.827508
12.167152 -0.104042
7.499511 0.294065
11.148050 0.782568
10.191864 0.825553
4.753853 0.516848
0.192711 0.828474
6.883901 0.562021
4.071318 0.903379
6.243270 0.500171
3.529192 0.387305
12.215701 -0.198347
11.131631 0.576647
6.648246 0.591983
10.635325 0.695924
8.591954 0.799939
5.926616 0.901592
0.966722 0.873687
6.381037 0.759514
6.836131 0.970074
0.346344 0.653800
0.323393 0.774019
11.652637 0.422908
10.372826 -0.166413
1.628208 0.773239
1.628822 0.317241
11.037160 -0.370537
9.758404 0.297825
0.130484 0.850290
0.806310 0.519728
6.551108 0.474740
3.972236 0.586661
0.025318 0.658747
9.688917 0.449411
7.618049 0.377241
5.925849 0.590788
11.405954 0.906888
8.975999 0.354492
10.288621 0.356507
6.911924 0.807466
4.431604 0.449850
10.945520 0.135273
10.049233 0.954015
4.864631 0.504049
8.757939 0.882904
6.206272 0.081744
1.844049 0.471941
2.222377 0.528233
9.633367 0.831239
3.970637 0.567755
8.459974 0.264690
6.035918 0.758569
10.889309 0.082165
6.422821 0.013492
8.121042 -0.032242
2.959048 0.669796
11.966476 0.658992
10.612244 -0.184594
9.829772 0.465599
3.765670 0.924283
9.512538 0.078092
0.257193 0.773389
2.579186 0.912006
10.900425 -0.032333
6.654327 0.406312
8.560892 -0.188541
0.867057 0.450080
2.827136 0.317508
7.788211 0.210626
8.688681 0.383846
11.112877 0.825839
2.935205 0.639348
5.402505 0.194399
10.286337 0.236960
1.468912 0.861098
11.009399 0.457659
2.426048 0.628586
3.734173 0.871352
6.700433 0.005606
12.109586 0.935368
8.668714 0.705177
5.104919 0.075456
8.062888 0.268515
7.666109 -0.024308
6.101610 0.886054
5.385077 0.985844
5.419477 0.308309
7.673722 0.714545
6.471206 0.409792
10.031594 0.019842
1.096061 0.457722
3.914715 0.581249
5.115638 0.066800
2.611701 0.495330
6.228375 0.537254
10.881287 0.583243
3.350248 0.509689
11.615434 -0.072060
2.254770 0.917138
6.297954 0.833279
11.083083 -0.099884
9.526349 -0.142008
11.319440 -0.192288
4.027860 0.271158
11.599414 -0.195411
4.214535 0.157695
9.555844 0.718495
5.348102 0.086157
9.609695 0.105746
11.144935 0.504858
8.510038 0.427808
1.117041 0.763190
9.591606 0.899838
9.849167 0.977027
6.093198 0.342434
8.842190 -0.019641
1.232432 0.751116
8.877659 0.693529
9.551500 0.456805
5.036360 0.068379
2.416147 0.772018
5.171926 0.094027
11.311791 0.784734
11.265930 0.251280
9.332366 0.927834
2.210470 0.394564
5.210397 0.795345
12.513476 0.987615
7.497005 0.399184
9.630582 0.693404
10.197742 0.540139
1.626641 0.379906
10.448877 0.894390
8.891737 0.343547
2.501955 0.507919
9.936525 0.399514
0.994781 0.778613
0.382704 0.881873
5.860009 0.867555
5.534262 0.774236
5.654509 0.941751
2.753555 0.296967
4.626645 0.327422
2.551802 0.826356
7.025208 0.765468
9.927270 0.205871
6.645660 0.471694
4.012267 0.604922
10.665415 0.176165
3.262389 0.215868
10.931219 0.482313
9.517014 0.205158
5.892539 0.348228
6.382570 0.196955
9.120462 0.411517
4.783432 0.349388
10.236457 0.562001
11.124712 -0.319341
7.048273 0.788254
2.633785 0.296163
6.605676 0.395206
6.211891 0.910957
2.917562 0.740532
12.381856 0.511006
1.231192 0.507061
12.181301 0.124830
10.040650 0.359701
11.330563 0.026504
2.467008 0.744779
8.308294 0.868876
10.156707 0.893605
7.861514 0.252577
4.447371 0.221934
9.388545 0.211607
9.777367 0.514171
12.003931 0.710489
1.840628 0.680591
12.560255 0.803477
2.667282 0.550594
0.212012 0.662473
12.408967 -0.236779
1.910815 0.801027
9.969470 0.013282
8.120888 -0.030154
7.695631 0.878145
10.631278 0.582978
3.786350 0.570453
5.751470 0.703758
11.821782 -0.235473
4.903046 0.532244
1.663171 0.963111
6.684943 0.361546
10.817319 0.465944
4.506284 0.286338
12.304097 0.693011
1.511988 0.326844
0.084111 0.719629
6.470186 0.435046
11.106031 0.555366
8.463410 0.001137
10.364103 0.007830
7.497278 -0.047454
11.033326 -0.088377
0.698192 0.525260
0.290517 0.514310
8.644212 -0.071597
10.179414 0.868471
7.539441 0.387926
11.044779 0.064286
9.358037 0.779485
11.943896 0.467369
4.676203 0.126625
6.909496 0.527941
9.739117 0.057975
1.112945 0.868027
11.653753 0.467996
7.891903 0.185880
12.335272 -0.293723
8.526192 -0.006639
7.916052 0.663173
8.113758 -0.048293
7.934829 0.945326
12.332965 0.926936
10.402227 0.055270
10.583586 0.475192
11.493475 0.590164
10.744938 0.268657
11.674256 0.247231
5.118671 0.075014
9.877690 0.831851
6.911614 0.686906
4.028968 0.950390
4.961832 0.782345
6.265084 0.898873
6.650186 0.827880
8.554409 0.336549
9.542043 0.122590
4.484123 0.406690
11.736141 -0.164765
8.510158 0.924097
9.133534 0.919204
11.416176 0.500998
5.914944 0.966011
5.947605 0.937389
11.951219 -0.178605
11.738746 0.087075
11.326158 -0.361767
6.215288 0.961908
8.768213 0.435203
9.027152 -0.035955
5.172196 0.937262
10.819313 0.184662
11.555183 0.655639
0.534801 0.972421
11.814244 0.164770
8.225748 -0.073935
0.697047 0.854441
11.361817 0.798542
4.455485 0.841101
3.011612 0.598932
3.722520 0.448265
10.021974 0.087955
6.267256 0.951205
8.381260 0.285057
9.435049 0.820942
10.089005 0.924517
2.940346 0.705081
8.791938 -0.166902
4.144822 0.833819
8.908365 0.584636
6.738602 -0.030301
10.248556 0.067144
4.833409 0.667166
11.494327 -0.327185
9.565608 0.906355
10.527138 0.154909
3.324071 0.203972
2.071778 0.965473
9.010128 0.182510
6.314226 0.925938
12.379596 0.453094
4.701821 0.862316
6.713274 0.111169
2.219709 0.914655
10.850472 0.079522
8.861510 0.796525
4.477652 0.880457
8.786147 0.205694
10.008089 0.774324
8.434302 -0.122615
8.798838 0.888785
3.832651 0.713562
5.969298 0.769522
9.486100 0.469711
10.772466 0.560964
6.990511 0.898689
8.981254 0.954215
3.316849 0.259208
9.266591 0.606684
0.995105 0.646474
1.848214 0.324794
4.746334 0.174200
11.727979 -0.303266
12.377968 -0.338611
4.968264 0.240210
3.928850 0.502793
4.932483 0.125131
8.031103 0.058414
9.305798 -0.043422
9.844753 -0.264162
9.240952 0.659524
4.194618 0.836191
7.440786 0.809390
11.469708 0.201958
5.564931 0.822508
5.110229 0.400369
8.105996 -0.116353
0.107840 0.426242
5.410111 0.633303
11.258033 -0.076146
10.018486 -0.122158
2.295525 0.528817
10.493477 0.173872
11.042375 -0.134273
11.417641 -0.148733
10.431674 0.388432
2.660279 0.982128
6.522902 0.721315
8.955254 0.006780
9.591704 0.915367
3.736014 0.714394
8.476925 0.926092
7.296781 0.020601
8.301578 0.114272
10.033253 -0.211131
6.057589 0.232933
4.265079 0.907506
2.247982 0.488165
10.499775 0.148783
5.733429 0.071815
10.031395 0.870236
12.548728 0.547051
9.833667 0.382596
2.668029 0.637121
12.000994 0.905471
7.809628 0.650679
12.252005 0.788111
10.304885 0.696522
11.991411 0.477656
11.488388 0.158409
11.887817 -0.370724


0.672232 -0.941635
9.024923 -0.772235
0.140322 0.352428
0.181507 -0.348517
2.601502 -0.494935
2.208333 -0.863615
1.084076 -0.794823
7.830057 -0.257365
10.003248 -0.747548
4.120502 -0.923281
11.552299 -0.773182
10.759402 -0.859450
9.844328 -0.326008
9.012028 -0.949105
1.832889 -0.745138
6.121294 -0.874437
0.822888 -0.494711
11.152219 -0.627142
10.526454 -0.410529
1.207990 -0.273540
1.276605 -0.658219
0.381141 -0.145336
2.215026 0.210820
6.129827 -0.048778
1.173384 -0.195723
8.930880 -0.920857
6.754975 -0.956790
6.327056 -0.055178
4.598193 -0.148553
8.559027 -0.501455
0.789194 -0.606651
4.462329 -0.592997
4.809331 -0.027860
4.038181 -0.163731
4.857082 -0.554775
1.704680 -0.189759
7.299611 -0.903822
5.638196 -0.929904
4.670162 -0.251252
5.568894 -0.063590
8.408996 -0.331652
8.036816 -0.467306
3.571585 -0.023328
2.455093 -0.387607
5.012475 -0.788804
7.461527 -0.231963
6.617103 -0.846114
12.029051 -0.511499
11.721534 -0.795717
3.642213 0.125469
5.914269 -0.917644
11.129793 -0.623751
10.462868 -0.732019
6.736018 -0.388402
0.516829 -0.450210
9.459778 -0.482783
3.902569 -0.953425
4.773051 -0.574405
3.076438 -0.369051
1.035902 -0.610650
7.001605 -0.443258
9.759353 -0.547634
2.665180 -0.341547
7.629525 -0.652104
1.042274 -0.276746
3.452669 0.017241
7.785998 -0.495284
5.431792 -0.707372
9.144412 -0.314510
10.050921 -0.317284
11.428375 -0.661580
5.496309 -0.936334
5.134389 -0.219430
0.515297 -0.528410
6.305142 -0.256099
2.273136 0.024631
12.315659 -0.934072
3.006861 -0.371454
6.481090 -0.780036
1.253893 0.134233
8.679139 -0.250573
4.746357 -0.009941
4.800687 -0.190832
0.621992 -0.170881
4.756951 -0.410159
8.091862 -0.925908
1.617835 -0.659345
1.132580 -0.328312
9.219059 -0.666061
12.004565 -0.544498
4.934041 -0.188428
1.220182 -0.288602
10.708422 -0.514678
4.585492 -0.272259
0.860622 0.161661
2.859790 -0.509592
3.870226 -0.118429
0.928226 -0.897856
10.475604 -0.501770
0.901646 -0.754030
11.232958 -0.842509
6.433809 -0.799825
2.368168 -0.256668
7.473912 -0.489119
1.516374 -0.437571
9.613427 -0.509322
0.108386 -0.259344
11.920545 -0.976239
12.115750 -0.930169
2.430664 -0.410365
5.616359 0.005120
9.445330 -0.782329
5.209940 -0.199421
6.469485 -0.646356
1.309113 -0.286678
1.647421 -0.368243
8.386056 -0.645084
5.817331 -0.003681
6.671156 -0.285136
9.500575 -0.421272
3.954003 -0.040273
0.260970 -0.838712
2.747680 -0.301640
1.166421 -0.067269
6.442516 -0.958124
6.978280 -0.305555
2.336132 -0.048630
4.151973 -0.267283
7.171856 -0.145913
2.450450 -0.659874
11.035707 -0.883371
1.195053 0.311075
1.681185 -0.641479
4.408664 -0.502147
3.704812 -0.072866
6.927257 -0.267866
0.122902 -0.093827
5.358693 -0.972021
9.089248 -0.787494
7.315351 -0.903766
1.205743 -0.450864
9.235463 -0.738934
3.475026 -0.951166
12.417291 -0.674465
2.536986 -0.611182
0.540167 0.222482
4.885358 -0.092178
6.988630 -0.598975
3.498527 -0.546383
10.374943 -0.514614
6.080896 -0.148120
4.414254 -0.974327
1.510709 0.123924
8.154182 -0.620748
5.723886 -0.288564
2.911275 -0.772467
7.625603 -0.618799
4.134474 -0.894533
1.483326 -0.971462
1.324685 -0.479249
8.412405 -0.934741
1.306825 -0.344803
3.713826 -0.626836
8.998990 -0.744875
5.108343 -0.345171
3.203559 -0.604358
12.046321 -0.708351
5.624755 -0.363210
5.666913 -0.374864
10.949890 -0.385247
7.607878 -0.855920
4.778662 -0.632172
0.329233 -0.678830
2.498702 0.055265
4.903351 -0.661490
0.707390 0.041764
4.106010 -0.513328
3.839667 -0.420985
4.390705 -0.530248
10.544816 -0.854979
1.158575 -0.160530
3.168630 0.031547
8.011731 -0.218354
4.306346 -0.905314
5.430727 -0.921295
0.138803 0.265643
4.131115 -0.985769
5.763994 -0.139315
0.588742 -0.482003
1.344071 -0.348547
8.737370 -0.780711
1.741910 -0.291822
9.330097 -0.302868
4.748341 -0.949120
6.653696 -0.513337
7.234032 -0.971134
5.070720 -0.654472
4.568926 -0.876828
6.182226 -0.488203
5.554245 -0.063869
10.983297 -0.820853
8.225949 -0.841320
2.712928 0.046565
4.147838 -0.681092
5.313000 -0.891880
0.607962 -0.699862
3.650745 -0.354462
3.845856 -0.570350
10.248888 -0.864325
11.574670 -0.814165
11.367278 -0.928384
6.016793 -0.812718
7.236173 -0.151615
2.801406 -0.691235
0.249283 -0.506816
1.687084 -0.936733
11.683736 -0.857816
11.760824 -0.676377
10.479241 -0.580956
1.454840 -0.059757
2.808238 -0.176650
0.389991 -0.752486
11.629336 -0.851515
2.617099 -0.871265
1.254000 -0.820949
4.052205 -0.044422
4.205597 -0.193948
9.034622 -0.491104
5.502563 -0.987958
1.552285 -0.196220
6.817615 -0.356169
1.294184 -0.690840
10.424114 -0.926599
2.980843 -0.079783
3.107569 0.182771
5.671516 -0.697733
1.840487 -0.496022
7.204388 -0.894767
5.993261 -0.301856
0.529351 0.339213
1.582773 -0.834852
0.991109 0.319352
11.614508 -0.770677
5.710745 -0.783044
2.352254 -0.356351
7.047227 -0.267961
2.806195 -0.374840
0.246167 -0.829287
5.015394 -0.016473
8.462218 -0.517648
3.135908 -0.399612
0.255467 -0.619268
4.426990 -0.939795
0.045239 -0.862847
4.591838 -0.178260
8.074938 -0.523620
5.833763 -0.543949
6.008949 -0.896238
3.063499 -0.325426
1.245772 -0.090141
4.046485 0.108533
7.447257 -0.215352
8.501821 -0.700590
8.534817 -0.799726
9.896656 -0.583497
4.951859 -0.192101
11.940818 -0.491196
11.488228 -0.607013
3.844394 -0.793241
5.556592 -0.643624
8.012898 -0.282785
2.065558 -0.196989
6.167866 -0.372893
5.036246 -0.787523
4.763898 -0.783314
12.237330 -0.685834
0.129286 -0.452211
1.808280 -0.705901
3.740123 -0.998742
4.463779 -0.908057
6.269784 -0.892161
8.304070 -0.723656
10.203532 -0.575137
3.340429 0.071865
5.832502 -0.862589
6.159609 -0.487172
8.440287 -0.953497
3.348246 -0.935830
5.071272 -0.385801
1.797871 -0.973099
5.611442 -0.666331
9.651202 -0.337988
12.026605 -0.897036
9.063015 -0.687023
4.306920 -0.885872
4.690521 -0.643499
0.399661 0.368564
1.298020 -0.089776
1.629953 -0.219267
0.433050 -0.669423
4.459210 -0.427010
1.018858 -0.530303
1.551227 0.040664
2.951484 -0.855256
5.461729 -0.301416
9.210617 -0.545467
1.559453 0.071130
11.645937 -0.425982
4.510974 0.001387
2.395943 -0.591874
5.037938 -0.011821
6.549517 -0.795630
1.544229 -0.020944
1.405920 0.113265
8.518661 -0.371642
5.927235 -0.892836
8.688862 -0.701081
5.256030 -0.326681
10.656175 -0.440531
8.682515 -0.395774
3.501649 0.073667
9.239401 -0.545342
1.675169 -0.655041
6.681722 -0.801514
1.165268 -0.569078
3.563175 -0.847730
1.311915 -0.387531
0.898839 -0.180876
7.404728 -0.827116
9.669132 -0.439515
5.110401 -0.815792
6.243488 -0.661802
0.058313 -0.420798
12.449325 -0.537472
1.681872 0.126721
3.859714 -0.896166
5.622062 -0.189852
6.265950 -0.322203
5.601714 -0.858814
12.002734 -0.710315
1.061570 -0.844154
0.514250 -0.151301
5.490032 -0.509899
4.587815 -0.489028
1.370774 -0.936418
5.553656 -0.962977
6.527663 -0.890347
8.499399 -0.999429
8.696931 -0.398100
6.817302 -0.896346
1.467151 -0.338292
5.043082 -0.934906
6.660598 -0.812911
1.184747 -0.087405
1.977667 0.009873
8.250245 -0.346912
4.839566 -0.441191
3.380545 -0.136345
7.421076 -0.665843
6.757983 -0.215683
5.276900 -0.990698
1.444782 0.079263
9.409831 -0.676311
4.288801 -0.517486
3.311044 -0.898596
0.236573 -0.544269
2.706272 -0.293079
7.511806 -0.924513
1.464332 -0.905939
1.273444 -0.917229
9.479998 -0.969216
2.971528 0.184574
0.971843 0.235211
5.379528 -0.672599
4.593055 -0.993214
2.532306 -0.747609
7.311040 -0.984075
3.206345 -0.378925
10.719422 -0.877485
1.355620 -0.484027
3.171149 -0.352186
6.464049 -0.717689
3.451876 -0.756151
5.318812 -0.609175
4.348159 -0.073887
5.737127 -0.007820
11.355293 -0.685037
8.992048 -0.451781
3.108914 -0.785024
5.918471 -0.255721
1.272273 -0.601736
2.708532 -0.058282
3.180463 -0.150768
6.611464 -0.101815
11.863929 -0.756883
1.870310 -0.467018
8.405011 -0.417863
10.673030 -0.943987
2.619094 -0.662345
5.812129 -0.934909
10.847921 -0.989935
4.195304 -0.930083
5.712877 -0.656686
8.155059 -0.311270
9.808854 -0.773785
1.216805 -0.829254
0.863754 -0.733399
12.565827 -0.524713
5.600392 -0.275558
7.540098 -0.801911
10.310701 -0.870647
10.549714 -0.668170
6.907683 -0.833862
0.254626 -0.833158
9.838974 -0.487665
1.688582 -0.026825
3.836031 -0.576521
9.322554 -0.615260
6.829388 -0.151501
7.798988 -0.171764
7.820042 -0.987318
4.135033 -0.371949
2.727369 0.069599
6.018129 -0.509233
6.624433 -0.270440
5.142439 -0.012306
11.007196 -0.555771
4.686355 -0.176395
8.835290 -0.798694
1.261609 0.127750
7.493631 -0.447031
4.755636 -0.738241
10.829360 -0.814259
7.747152 -0.392849
9.195979 -0.895320
3.157779 -0.254616
1.992543 -0.633057
7.811334 -0.167282
3.280398 -0.029055
3.330875 -0.069147
6.412418 -0.390823
9.525501 -0.478936
3.744077 -0.730224
10.564241 -0.510391
1.160269 -0.771437
1.988582 -0.470617
1.744420 -0.735679
2.499561 -0.532098
0.697761 0.042382
5.652089 -0.471577
8.391761 -0.310386
9.399553 -0.402718
2.163838 -0.699781
11.759646 -0.708987
1.088185 0.184009
12.159356 -0.938888
0.221225 0.354676
0.870024 0.211922
7.432766 -0.384115
10.673955 -0.940402
8.035309 -0.655107
5.929246 -0.919054
0.223698 -0.854857
0.444166 -0.941452
10.334726 -0.909062
8.122286 -0.664079
7.743794 -0.733313
6.371347 -0.813630
7.421011 -0.285464
2.773906 0.161023
2.220061 -0.886561
8.300728 -0.649869
4.933162 -0.027570
0.816662 -0.534586
7.493344 -0.148839
5.121324 -0.266946
8.997314 -0.659461
3.894184 -0.298555
2.602001 -0.039087
10.551330 -0.557879
5.989932 -0.891676
0.003023 -0.487978
0.334397 -0.080097
8.832268 -0.992827
7.859144 -0.915794
0.181706 0.392458
3.012151 -0.392698
7.712959 -0.419309
1.845713 -0.182454
9.516078 -0.612977
5.111258 -0.508862
3.011447 -0.002210
9.164117 -0.799456
1.187628 -0.817172
1.177108 -0.964049
7.260640 -0.128056
2.593551 -0.745494
0.530188 -0.985137
11.599155 -0.633348
2.295535 -0.923768
8.811516 -0.687051
4.630159 -0.893440
5.329988 -0.935631
3.372188 0.052909
9.364554 -0.754107
1.727024 -0.122563
3.457642 -0.546710
5.001484 -0.028758
2.956296 -0.368162
8.554590 -0.838848
2.788935 -0.063262
5.083348 -0.461267
1.797732 -0.695118


