1.954768 0.883992
7.550972 1.281906
7.899997 0.671628
4.967136 -1.454020
12.470767 -0.384581
1.481031 0.728988
7.357845 1.285113
7.447860 1.105850
0.190687 -0.009521
3.053456 0.060123
6.603294 0.208992
6.990922 0.243994
1.606732 1.219807
5.965569 0.105785
6.811356 0.089670
10.602018 -0.450338
0.767057 0.959991
12.321354 -0.180259
9.363134 -0.008295
11.395774 -1.112376
2.733313 0.851161
7.722760 0.759113
8.375895 1.163087
4.688950 -0.966143
0.657509 0.915745
3.892529 -0.455886
1.271274 0.698519
8.845997 0.299795
8.558958 0.641870
0.708328 0.723746
6.125270 0.024675
1.631809 0.508925
7.345288 1.195862
6.032964 -0.238571
2.661972 0.426234
9.703079 -0.084635
3.504576 -0.595736
3.990678 -0.658035
6.042875 -0.671196
9.851852 -0.875584
5.904695 -0.164426
0.804698 0.990641
1.542782 0.937328
9.725679 -0.598704
6.186218 -0.505056
10.302123 -0.474732
7.542673 0.518178
11.241294 -1.062502
8.586599 0.410448
8.941722 0.239517
11.136068 -1.450058
5.336577 -1.303367
11.832380 -0.723152
1.300260 1.403915
3.561908 -0.221620
6.708463 0.316236
2.066082 0.483383
3.472411 -0.668545
7.207076 0.983330
9.262665 0.120247
10.347505 -1.281498
4.020496 -0.966622
4.479816 -1.140455
6.504384 0.000286
3.560793 -0.046192
10.877383 -0.865265
0.458123 0.652231
0.940330 0.459624
3.748312 -0.435287
2.358573 0.708862
6.622965 0.748432
9.879811 -0.514615
0.367439 0.105857
4.761372 -0.986630
7.654548 1.134029
2.666814 0.543789
0.100293 -0.004751
7.497658 1.079476
10.967462 -1.291036
6.529934 -0.141023
3.126796 -0.133999
11.894115 -0.664652
0.469358 0.508833
5.817644 -0.202938
4.106492 -0.872526
11.464183 -1.048841
9.466437 -0.202280
0.179335 0.637331
12.208031 -0.746057
2.494118 0.448019
5.433003 -1.030967
6.239449 -0.296541
8.933951 0.742849
5.429956 -0.756378
2.231848 0.622985
2.900420 0.116334
5.746684 -0.011967
11.228762 -0.966634
7.720616 1.483163
11.536927 -0.765732
12.469898 -0.403776
4.576123 -0.935018
10.301784 -1.180011
4.881580 -1.112956
5.643252 -0.381105
7.674979 0.652581
1.077204 0.820542
11.082960 -1.003057
7.490794 0.620703
1.268167 0.681451
11.511384 -0.600627
3.648129 -0.033807
2.138889 1.204169
7.453019 0.976158
0.275424 -0.008055
9.845336 -0.493658
9.927827 -0.610347
9.989333 -0.604265
10.209189 -0.339134
10.229055 -1.138063
12.543050 0.352438
10.017806 -0.537963
8.892770 0.613279
5.535524 -0.277365
5.376024 -1.201278
10.646117 -1.244812
11.679854 -0.574606
1.657547 1.093971
4.374329 -0.939457
2.418075 0.251082
7.325711 0.453664
6.434394 -0.157979
4.320246 -1.086536
11.285053 -1.341088
7.077653 0.810091
9.907668 -0.444145
2.317336 0.249120
10.516603 -0.938344
7.889317 0.774452
1.926272 0.616346
6.462005 0.290484
7.875160 0.631143
9.813865 -0.338814
1.850640 1.450646
4.004873 -0.488820
3.985618 -0.581952
11.638212 -0.542942
11.757740 -0.547324
1.767163 0.490858
4.442042 -0.897110
4.878690 -1.309887
3.053787 0.224719
8.985139 0.398106
6.432775 0.250174
0.932219 1.063435
10.425865 -0.422985
7.860720 0.617834
4.916636 -0.629245
3.251162 0.310932
7.238626 0.913593
6.730732 0.141613
9.053192 0.775742
8.074029 1.246043
8.113489 0.940409
7.890255 1.062542
1.915609 0.463107
0.097218 -0.193734
4.752420 -0.512773
1.265075 1.069416
10.090871 -0.214117
8.023340 0.814084
1.524487 0.967104
11.035841 -0.646110
8.672157 0.859459
8.850444 1.033124
3.009204 0.198071
7.700426 1.058170
9.429582 0.254225
7.388040 1.202764
3.342964 0.010855
1.736394 1.016426
7.447021 1.009092
10.962261 -0.969579
8.700883 0.287388
7.095662 0.953060
7.078816 0.367505
6.509839 0.071528
0.683082 0.659568
7.081551 0.393874
3.823666 -0.175049
10.714424 -0.936293
9.351817 -0.247855
8.789036 0.336849
4.533741 -0.880962
4.699419 -1.385366
4.609956 -1.161866
6.180960 -0.528173
9.509651 -0.538076
6.782077 0.243382
11.829683 -0.284629
9.610599 0.128769
8.148166 1.142659
8.966870 0.406748
10.536183 -1.112039
8.961891 0.043833
0.528066 0.417739
0.810283 0.392425
4.942598 -1.184053
9.788221 0.124790
10.168823 -1.128242
9.427367 -0.335955
9.300246 -0.033361
4.668112 -0.984668
6.493225 0.642072
10.910098 -0.706194
12.448022 0.193094
5.619442 -0.272663
9.500568 -0.115784
12.208112 0.078883
8.257253 1.253914
1.471657 1.204325
2.565748 0.623823
8.324973 1.156137
2.405628 0.694678
1.907823 0.486268
11.530977 -0.407298
10.752305 -0.794200
5.752767 -0.451523
6.042013 -0.198724
5.835751 -0.801316
4.397293 -0.523549
11.337237 -0.912893
9.671008 -0.604295
8.365476 0.415751
5.390454 -0.810960
9.707834 -0.770267
9.279309 0.563753
4.915164 -0.831820
1.557995 1.388014
8.996024 0.536030
12.265333 -0.591767
8.226918 0.684912
6.181023 -0.233131
10.795763 -1.444103
3.431619 -0.464455
7.565060 0.893811
10.511367 -0.451092
5.323611 -0.948468
1.502360 0.806148
11.255726 -1.015803
5.141850 -0.871716
9.765130 -0.698632
2.558572 0.661296
4.413521 -0.915373
5.169233 -0.720612
6.733533 -0.042563
8.071026 1.372614
7.367647 0.776157
10.376163 -0.646548
10.572217 -0.796192
1.225190 1.260981
11.865115 -0.853830
3.563747 -0.099271
11.124834 -0.505594
5.214740 -1.068194
3.790291 -1.063809
3.992949 -0.471379
2.535653 0.495589
4.333567 -1.415900
10.944684 -0.591251
6.232290 -0.507077
2.461716 1.056998
7.859881 0.929884
3.475068 -0.340070
0.103037 0.323084
1.175409 1.293888
1.690873 0.962885
12.160795 -0.525353
0.209674 -0.095091
5.038982 -1.185848
0.205334 0.690577
3.416951 -0.187260
11.872591 -0.242082
2.998086 0.107380
6.339698 0.016749
1.933919 0.848290
9.080652 0.183594
10.718181 -0.824130
1.647783 0.851053
4.811992 -0.648564
5.650283 -0.236838
5.387847 -0.289815
3.323428 0.282166
3.020773 0.202817
3.038346 0.437603
8.590886 1.152040
10.902314 -1.268450
1.399208 0.786056
7.749963 1.259417
9.155405 -0.190157
3.993846 -0.933868
11.063948 -1.393142
7.694686 0.959626
1.745942 0.836795
9.259152 0.433667
5.204614 -0.770665
3.324108 -0.225911
5.308506 -0.727442
10.752232 -1.378980
7.298590 0.576971
12.552933 -0.445071
1.587853 0.628000
2.953041 0.009420
3.388349 0.003225
5.891861 -0.497308
4.236906 -1.212052
0.357404 -0.105399
3.334006 -0.024767
11.318523 -1.042582
0.825997 1.119904
1.801162 1.357728
7.327929 1.312120
10.227776 -0.654620
1.257759 0.751763
8.571394 1.187579
10.074285 -0.707444
1.790947 0.858993
7.190065 1.037112
2.538106 0.767393
8.151404 1.188837
8.052621 0.675928
6.235603 -0.143541
1.197929 0.928359
0.634285 0.645574
6.290613 0.401445
2.293323 1.044998
6.413400 -0.236273
9.408581 0.168400
4.021002 -0.517171
1.002896 0.765507
7.652852 0.581913
11.391063 -1.068844
1.239010 0.751762
5.282476 -1.060791
1.777069 0.509568
9.181019 0.301833
6.598492 -0.005554
6.953263 0.811065
1.012966 0.498397
0.096124 -0.293937
5.028733 -1.144789
5.045586 -1.092647
7.474612 1.125843
9.977215 -0.931891
1.244785 0.469492
2.415086 0.321126
10.996033 -0.894318
3.645832 -0.865484
0.120918 -0.302024
2.959398 0.607661
7.746305 0.867649
9.967890 -0.189486
3.293384 -0.026487
1.487088 1.018201
5.183287 -0.819930
8.106224 0.801031
12.549221 0.087694
12.359307 -0.455493
4.378692 -1.199555
5.194750 -1.258370
3.244006 -0.282918
6.179313 -0.026393
0.258991 0.047772
11.854792 -0.920532
8.550082 0.293610
4.688299 -0.703435
9.450463 0.269911
4.302324 -1.204449
8.763517 1.075689
11.280636 -0.791375
11.949805 -0.875580
3.233388 -0.134877
2.743340 0.441324
5.387904 -0.805588
8.577923 0.383801
0.991811 0.888960
10.177397 -1.111516
9.431601 0.092325
2.400255 1.123112
1.770648 0.583417
10.502178 -0.508582
11.208408 -0.976637
1.290858 1.071026
9.175654 0.570886
11.217143 -0.809918
0.032240 0.237333
8.859911 0.645348
12.550266 0.469212
10.896240 -0.914251
8.276526 1.063319
9.885875 -0.514070
6.401921 0.103350
4.003979 -0.692928
2.951037 -0.242153
2.531519 0.195055
11.295506 -0.576201
8.798556 0.354407
4.491132 -1.206662
2.675559 0.284759
12.115352 0.058017
6.392036 0.495882
10.021786 -0.420200
1.105249 1.194860
7.518507 1.362956
9.516722 -0.111242
3.111446 -0.438719
1.860861 1.277170
3.375994 -0.729902
4.522075 -1.086043
7.699359 0.901917
2.112124 0.516541
10.828918 -0.746907
7.359037 0.596780
5.559710 -0.579627
2.040220 0.430804
8.017710 1.071452
10.958050 -0.840429
7.154780 1.058549
9.158166 0.736586
2.731707 0.677974
8.718300 1.012666
11.871080 -0.934986
6.025596 -0.167567
7.752198 1.303222
7.435553 1.303303
7.607179 1.178288
6.996212 0.509530
1.834837 1.394619
9.180557 0.535468
6.576191 -0.113528
6.137089 -0.394826
1.688918 1.214616
3.253464 0.349697
11.935977 -0.859248
10.122222 -0.707897
7.328920 1.233610
6.667519 0.521629
9.998878 -0.323387
8.132621 0.876455
5.590823 -0.984991
10.072842 -0.512823
11.124433 -1.149730
7.008142 0.375631
5.083006 -0.669714
10.908736 -0.831092
1.392809 0.527453
9.685677 -0.035908
9.046278 0.249643
6.629393 -0.104137
11.593186 -0.992604
1.536623 0.932709
10.310746 -0.765193
12.087521 -0.748938
0.326175 0.810848
7.911646 1.422809
4.580376 -0.511410
10.505914 -1.247763
7.551732 1.179879
10.119037 -1.128801
2.255645 1.224778
3.104118 0.048869
6.235174 0.373663
0.771361 1.099714
2.532513 0.987693
10.888236 -1.224620
10.828011 -1.398616
9.680758 -0.583833
1.547626 1.130845
8.993864 0.383965
2.452980 0.511981
0.082169 -0.164918
11.954274 -1.069669
11.494615 -0.903818
5.711335 -0.414647
12.253810 -0.367267
4.331663 -1.418999
8.470446 1.191717
9.223092 -0.237046
3.069511 -0.223202
9.205466 -0.175264
1.525031 1.395045
6.697572 0.774365
9.901091 -0.129413
10.656741 -0.999483
9.290696 0.089777
1.148231 0.695785
3.376092 -0.285639
1.347452 1.395421
2.614043 0.545808
4.728531 -1.408534


1.954768 0.883992
7.899997 0.671628
12.470767 -0.384581
1.481031 0.728988
0.190687 -0.009521
3.053456 0.060123
6.603294 0.208992
6.990922 0.243994
7.722760 0.759113
1.271274 0.698519
8.845997 0.299795
8.558958 0.641870
1.631809 0.508925
2.661972 0.426234
3.504576 -0.595736
9.851852 -0.875584
1.542782 0.937328
9.725679 -0.598704
6.186218 -0.505056
11.241294 -1.062502
8.586599 0.410448
11.832380 -0.723152
6.708463 0.316236
2.066082 0.483383
3.472411 -0.668545
0.940330 0.459624
9.879811 -0.514615
0.367439 0.105857
0.100293 -0.004751
6.529934 -0.141023
3.126796 -0.133999
11.894115 -0.664652
4.106492 -0.872526
11.464183 -1.048841
9.466437 -0.202280
12.208031 -0.746057
2.494118 0.448019
6.239449 -0.296541
2.231848 0.622985
2.900420 0.116334
12.469898 -0.403776
7.674979 0.652581
1.077204 0.820542
11.082960 -1.003057
1.268167 0.681451
0.275424 -0.008055
9.845336 -0.493658
9.927827 -0.610347
9.989333 -0.604265
10.229055 -1.138063
2.418075 0.251082
7.325711 0.453664
6.434394 -0.157979
2.317336 0.249120
10.516603 -0.938344
7.889317 0.774452
1.926272 0.616346
7.875160 0.631143
1.767163 0.490858
8.985139 0.398106
7.860720 0.617834
6.730732 0.141613
8.113489 0.940409
1.915609 0.463107
0.097218 -0.193734
8.023340 0.814084
1.524487 0.967104
8.700883 0.287388
7.078816 0.367505
9.351817 -0.247855
6.180960 -0.528173
9.509651 -0.538076
8.966870 0.406748
0.528066 0.417739
0.810283 0.392425
9.427367 -0.335955
9.300246 -0.033361
9.500568 -0.115784
1.907823 0.486268
9.671008 -0.604295
8.365476 0.415751
12.265333 -0.591767
8.226918 0.684912
6.181023 -0.233131
3.431619 -0.464455
7.565060 0.893811
1.502360 0.806148
11.255726 -1.015803
9.765130 -0.698632
7.367647 0.776157
11.865115 -0.853830
2.535653 0.495589
6.232290 -0.507077
7.859881 0.929884
3.475068 -0.340070
1.690873 0.962885
12.160795 -0.525353
0.209674 -0.095091
2.998086 0.107380
6.339698 0.016749
1.933919 0.848290
9.080652 0.183594
1.647783 0.851053
1.399208 0.786056
7.694686 0.959626
1.745942 0.836795
3.324108 -0.225911
12.552933 -0.445071
1.587853 0.628000
2.953041 0.009420
5.891861 -0.497308
0.357404 -0.105399
11.318523 -1.042582
1.257759 0.751763
1.790947 0.858993
8.052621 0.675928
6.235603 -0.143541
1.197929 0.928359
6.413400 -0.236273
1.002896 0.765507
7.652852 0.581913
11.391063 -1.068844
1.239010 0.751762
1.777069 0.509568
6.598492 -0.005554
1.012966 0.498397
0.096124 -0.293937
9.977215 -0.931891
1.244785 0.469492
2.415086 0.321126
3.645832 -0.865484
0.120918 -0.302024
7.746305 0.867649
8.106224 0.801031
12.359307 -0.455493
3.244006 -0.282918
0.258991 0.047772
11.854792 -0.920532
8.550082 0.293610
11.949805 -0.875580
3.233388 -0.134877
5.387904 -0.805588
8.577923 0.383801
1.770648 0.583417
9.885875 -0.514070
6.401921 0.103350
2.951037 -0.242153
2.531519 0.195055
8.798556 0.354407
2.675559 0.284759
9.516722 -0.111242
3.111446 -0.438719
3.375994 -0.729902
7.699359 0.901917
2.112124 0.516541
7.359037 0.596780
2.040220 0.430804
11.871080 -0.934986
6.996212 0.509530
6.137089 -0.394826
11.935977 -0.859248
10.122222 -0.707897
8.132621 0.876455
11.124433 -1.149730
1.392809 0.527453
9.046278 0.249643
6.629393 -0.104137
11.593186 -0.992604
1.536623 0.932709
12.087521 -0.748938
9.680758 -0.583833
8.993864 0.383965
2.452980 0.511981
0.082169 -0.164918
11.494615 -0.903818
12.253810 -0.367267
9.223092 -0.237046
3.069511 -0.223202
9.205466 -0.175264
10.656741 -0.999483
9.290696 0.089777
1.148231 0.695785
3.376092 -0.285639


5.965569 0.105785
10.602018 -0.450338
0.767057 0.959991
2.733313 0.851161
4.688950 -0.966143
0.657509 0.915745
3.892529 -0.455886
0.708328 0.723746
6.125270 0.024675
6.032964 -0.238571
9.703079 -0.084635
3.990678 -0.658035
5.904695 -0.164426
0.804698 0.990641
10.302123 -0.474732
3.561908 -0.221620
7.207076 0.983330
3.560793 -0.046192
10.877383 -0.865265
0.458123 0.652231
3.748312 -0.435287
2.358573 0.708862
6.622965 0.748432
4.761372 -0.986630
2.666814 0.543789
0.469358 0.508833
5.817644 -0.202938
0.179335 0.637331
8.933951 0.742849
5.746684 -0.011967
11.228762 -0.966634
11.536927 -0.765732
4.576123 -0.935018
5.643252 -0.381105
11.511384 -0.600627
3.648129 -0.033807
7.453019 0.976158
10.209189 -0.339134
10.017806 -0.537963
8.892770 0.613279
5.535524 -0.277365
11.679854 -0.574606
4.374329 -0.939457
7.077653 0.810091
9.907668 -0.444145
6.462005 0.290484
9.813865 -0.338814
4.004873 -0.488820
3.985618 -0.581952
11.638212 -0.542942
11.757740 -0.547324
4.442042 -0.897110
3.053787 0.224719
6.432775 0.250174
0.932219 1.063435
10.425865 -0.422985
4.916636 -0.629245
3.251162 0.310932
7.238626 0.913593
9.053192 0.775742
4.752420 -0.512773
1.265075 1.069416
10.090871 -0.214117
11.035841 -0.646110
8.672157 0.859459
3.009204 0.198071
7.700426 1.058170
9.429582 0.254225
3.342964 0.010855
1.736394 1.016426
7.447021 1.009092
10.962261 -0.969579
7.095662 0.953060
0.683082 0.659568
3.823666 -0.175049
10.714424 -0.936293
4.533741 -0.880962
11.829683 -0.284629
9.610599 0.128769
9.788221 0.124790
4.668112 -0.984668
6.493225 0.642072
10.910098 -0.706194
5.619442 -0.272663
2.565748 0.623823
2.405628 0.694678
11.530977 -0.407298
10.752305 -0.794200
5.752767 -0.451523
6.042013 -0.198724
4.397293 -0.523549
11.337237 -0.912893
9.279309 0.563753
4.915164 -0.831820
8.996024 0.536030
10.511367 -0.451092
5.141850 -0.871716
2.558572 0.661296
4.413521 -0.915373
5.169233 -0.720612
10.376163 -0.646548
10.572217 -0.796192
3.563747 -0.099271
11.124834 -0.505594
3.992949 -0.471379
10.944684 -0.591251
0.103037 0.323084
0.205334 0.690577
3.416951 -0.187260
11.872591 -0.242082
10.718181 -0.824130
4.811992 -0.648564
5.650283 -0.236838
5.387847 -0.289815
3.323428 0.282166
3.020773 0.202817
3.038346 0.437603
9.259152 0.433667
5.204614 -0.770665
5.308506 -0.727442
3.388349 0.003225
3.334006 -0.024767
10.227776 -0.654620
7.190065 1.037112
2.538106 0.767393
0.634285 0.645574
6.290613 0.401445
9.408581 0.168400
4.021002 -0.517171
9.181019 0.301833
6.953263 0.811065
10.996033 -0.894318
2.959398 0.607661
9.967890 -0.189486
3.293384 -0.026487
1.487088 1.018201
5.183287 -0.819930
6.179313 -0.026393
4.688299 -0.703435
9.450463 0.269911
11.280636 -0.791375
2.743340 0.441324
0.991811 0.888960
9.431601 0.092325
10.502178 -0.508582
11.208408 -0.976637
1.290858 1.071026
9.175654 0.570886
11.217143 -0.809918
0.032240 0.237333
8.859911 0.645348
10.896240 -0.914251
4.003979 -0.692928
11.295506 -0.576201
6.392036 0.495882
10.021786 -0.420200
10.828918 -0.746907
5.559710 -0.579627
10.958050 -0.840429
9.158166 0.736586
2.731707 0.677974
6.025596 -0.167567
9.180557 0.535468
3.253464 0.349697
6.667519 0.521629
9.998878 -0.323387
10.072842 -0.512823
5.083006 -0.669714
10.908736 -0.831092
9.685677 -0.035908
10.310746 -0.765193
0.326175 0.810848
4.580376 -0.511410
3.104118 0.048869
6.235174 0.373663
0.771361 1.099714
2.532513 0.987693
5.711335 -0.414647
6.697572 0.774365
9.901091 -0.129413
2.614043 0.545808


11.346782 -0.579441
10.208868 0.762240
10.059418 0.781490
12.539944 0.684438
12.491192 -0.907493
9.075159 0.941872
12.497431 0.450529
11.494667 0.624732
10.292081 0.569151
11.780605 -0.285347
12.384390 -0.726570
10.095376 0.791790
11.772054 0.272406
11.979665 0.507464
11.676555 -0.444255
11.425102 -0.568175
11.291386 0.104601
12.250453 0.594270
11.735136 -0.486072
12.351092 0.709272
6.811025 0.956272
11.808112 0.855068
9.460048 0.747776
10.894631 0.900798
12.528964 0.482555
11.768929 0.520448
12.564823 -0.899680
11.633277 0.020387
8.251827 0.965177
12.077743 -0.319720
11.455355 -0.037475
12.321076 -0.103119
12.236251 -0.831861
10.935228 -0.646570
11.733894 -0.777520
10.724738 0.950763
10.837063 -0.582359
11.947086 0.725818
12.526513 -0.134666
12.274420 0.997052
11.741876 0.709007
11.670015 -0.441648
10.293128 0.962688
11.800297 -0.749205
10.443621 0.533776
11.918958 -0.740831
10.931462 0.271492
11.140678 -0.367708
12.445071 0.908998
11.178748 0.692833
11.069413 -0.451523
11.903901 0.592134
11.145236 0.406738
12.200978 -0.279602
12.431107 -0.990719
11.788332 0.562092
10.162442 0.876337
11.895366 -0.811076
12.059371 0.919668
11.938511 0.442629
10.867211 0.519224
9.808142 0.932584
12.349119 0.990800
11.179428 -0.379606
12.180056 -0.563113
7.942172 0.941136
10.996634 -0.180145
12.394227 0.293622
6.864782 0.980688
12.085955 -0.695029
12.270120 -0.019753
10.850358 -0.348089
10.049450 0.738143
11.755384 0.721669
11.512213 -0.454294
10.906751 -0.023659
10.700806 -0.194170
11.907497 -0.569139
11.128882 0.758022
11.896119 -0.727282
12.260373 0.098820
12.060959 -0.723318
7.318488 0.945258
6.991681 0.983704
7.932531 0.908104
11.756464 -0.300051
11.444896 -0.448883
11.529425 0.182038
11.611738 0.862307
11.192308 -0.124072
11.946289 0.041554
11.767758 0.372592
12.245889 -0.243241
12.228791 -0.133897
12.204585 -0.138556
11.976341 0.433553
9.508748 0.714596
11.589381 0.574883
12.077163 -0.173640
12.533437 0.402906
11.659564 -0.194545
12.536267 0.241227
12.152978 0.829961
11.441981 0.011380
12.536190 -0.376273
11.103703 -0.787547
11.194585 0.057613
11.832165 0.360065
7.554832 0.942931
12.475886 0.417096
11.061338 0.855589
11.915183 0.459318
11.070578 -0.114566
11.160708 0.816538
9.875329 0.829280
11.528088 -0.243389
11.847414 0.679118
12.339828 -0.449867
11.573452 -0.465562
12.493956 -0.563120
11.212789 0.050772
12.193982 0.582301
11.348977 -0.051337
11.832088 -0.578958
10.949729 0.341536
10.918821 -0.520991
11.865390 -0.252117
11.107459 0.505845
10.898600 -0.328235
7.352254 0.954640
11.043841 -0.468346
11.645820 0.017672
10.365762 0.540950
11.181778 -0.418658
11.719261 -0.680739
10.580176 0.595380
7.517626 0.931299
7.440641 0.986064
10.952613 0.989721
11.679104 0.459416
11.520753 0.452544
12.313627 0.825920
9.858561 0.829166
11.777558 0.413805
10.413301 0.699694
11.215555 0.502579
9.868810 0.797606
12.274702 -0.474687
8.171788 0.870344
11.836654 -0.565887
12.336638 0.239166
11.600429 -0.415887
12.416863 0.165240
12.477091 -0.366303
11.871774 -0.668947
12.033768 0.407682
10.882020 -0.650297
6.600435 0.974996
11.961184 -0.287044
12.342793 -0.978928
9.302552 0.960622
11.882776 0.961649
11.578157 0.451449
11.754744 -0.416219
5.530941 0.995582
12.385697 -0.471364
10.866112 0.534631
10.592520 0.457670
12.528864 -0.097119
11.675466 -0.145712
9.739816 0.988638
11.524807 0.398623
10.649745 0.563852
10.845212 0.686056
11.640969 -0.211478
11.656201 -0.753075
11.320428 -0.474085
11.348167 -0.327579
12.432969 0.311955
10.723427 0.820864
12.097126 -0.553954
12.246561 -0.080023
11.265995 0.277326
11.818939 0.571101
10.881884 0.263668
10.066398 0.688184


1.303028 0.191268
0.618355 0.494117
5.418585 -0.306974
0.781198 0.730757
4.888367 -0.136846
2.543050 0.568427
8.969695 0.107738
4.896847 -0.738402
11.020274 -0.979354
5.344220 -0.544175
8.690618 0.647867
6.624448 -0.697074
1.481255 -0.128271
3.234101 -0.190437
2.776770 0.781810
9.244061 -0.495596
5.706023 0.885275
0.432025 -0.187520
6.391974 0.879097
2.189102 0.406254
4.195484 0.524129
4.173761 -0.905407
2.950644 0.641026
3.081404 0.095097
6.685221 -0.958598
3.487677 -0.759101
2.683235 0.756999
9.160261 0.089136
0.329064 -0.323941
6.247046 -0.563168
7.104237 0.279861
0.908559 -0.194577
5.313874 -0.004111
8.063853 0.217636
6.848367 -0.946586
4.444188 -0.972772
4.375213 -0.288914
10.058939 0.226385
2.445837 -0.791722
0.494252 -0.864023
6.393287 0.849542
1.557230 -0.914107
0.855130 -0.459083
1.273144 -0.812740
5.761916 0.616105
4.836479 -0.964273
10.988026 -0.764738
8.158974 -0.959371
8.846755 -0.998703
1.342170 0.636224
3.154392 -0.737538
4.624461 -0.196057
3.478088 0.580931
5.962318 0.455331
1.436789 0.808604
2.439827 -0.761915
1.552147 0.691106
4.087625 -0.600287
5.543742 0.707093
0.202494 0.958112
5.074441 0.326114
5.122216 -0.602892
4.721034 0.077358
1.363462 0.975898
10.061708 0.090234
6.177281 -0.284389
8.669840 -0.407905
4.178697 0.733188
6.827453 -0.174345
4.904867 -0.190459
9.493388 -0.001883
1.470150 -0.377571
10.748209 0.286757
7.356122 0.778330
0.972172 -0.468254
3.272913 0.800784
0.550706 -0.344095
6.714092 -0.734412
9.519797 0.464732
1.698294 -0.581723
7.415273 0.515575
0.263006 -0.370891
4.366416 -0.033635
7.047695 -0.294085
6.376118 -0.337909
7.895425 -0.872200
10.622247 -0.612630
0.476178 -0.337864
10.166840 0.358794
8.836832 0.248266
0.096913 -0.809104
1.419941 -0.316499
7.066999 -0.944797
9.376583 -0.884457
8.032775 0.729749
4.921436 -0.329500
2.734693 -0.196467
10.251257 -0.907392
4.695218 -0.582761
8.717544 -0.328926
10.918605 -0.968154
2.415506 -0.901719
0.824912 -0.293354
3.743054 0.510974
5.414584 -0.510851
10.205920 -0.326620
0.032014 -0.252367
6.401727 -0.626000
3.735431 -0.188595
4.563409 -0.845255
4.761040 0.400982
5.884429 0.644022
3.675848 0.156003
3.739658 -0.117119
7.936873 -0.414375
2.526946 -0.689108
4.651328 -0.669588
10.462103 0.048460
10.127596 -0.022190
3.646258 -0.490458
1.269346 0.360655
2.063767 0.653170
0.752975 -0.516113
1.290674 0.717201
2.299293 0.087341
4.603746 0.919889
4.611156 -0.015978
5.368245 -0.116989
1.683999 -0.281218
4.663149 -0.056972
6.822482 0.159680
5.075033 0.342652
6.451312 0.659726
1.439592 0.026670
2.591144 0.453861
8.274825 -0.587870
9.600112 -0.584698
10.306665 -0.561465
5.764984 -0.932547
7.708964 -0.475463
6.099182 0.879321
5.586964 -0.813710
4.068043 -0.327089
6.906397 0.647845
3.612906 -0.306334
3.853308 0.070287
5.785970 -0.890465
7.681585 -0.349228
2.344902 0.448045
11.268942 -0.892642
3.969882 0.216366
4.961180 -0.145037
6.287621 0.694630
0.751079 -0.982136
2.601923 -0.288773
2.921507 -0.360487
5.761445 -0.179588
2.009851 0.366189
9.308129 0.262943
1.699044 0.578856
10.766648 -0.973654
0.251422 0.474007
1.711175 0.679868
2.693307 -0.912355
8.063966 -0.370836
0.399377 0.530775
7.548072 0.406698
6.883621 0.263480
8.041754 -0.283488
5.362497 0.114565
2.458757 -0.063045
3.183841 0.199216
0.757348 0.413543
2.860862 -0.055253
7.221142 0.087034
3.616718 -0.956932
3.316533 -0.557589
10.290467 0.105370
4.366961 0.745312
4.400005 -0.172046
2.058162 -0.621070
1.519123 0.681338
2.898336 0.483638
0.021513 0.771448
0.556359 -0.035369
6.201919 0.854258
2.592099 -0.201770
2.544692 -0.551911
3.936949 0.438458
6.121457 -0.602242
10.809392 -0.723130
8.127688 -0.713477
6.140314 0.944119
5.246644 -0.945831
3.811772 -0.990105
9.383768 -0.483638
3.713512 -0.689910
7.409129 0.892410
0.700375 -0.205703
4.328978 0.553017
6.041153 -0.199798
6.609765 -0.688429
0.689585 -0.105943
4.463703 -0.409274
8.682280 0.156011
3.425693 -0.041123
2.717493 0.096857
7.519122 -0.986433
7.322371 0.330922
3.646362 -0.811662
8.936167 0.337650
0.957380 0.392526
4.864256 -0.747736
8.646782 -0.438650
5.940508 0.319526
3.948914 0.808385
1.915213 -0.989433
8.745914 0.066905
6.392044 0.453990
9.181268 -0.142079
1.364613 -0.614810
9.753687 -0.763246
9.174446 -0.915654
0.187326 -0.886577
1.399850 -0.875813
6.855412 -0.571791
4.677226 0.080454
3.672283 -0.857754
2.726165 -0.666455
1.129331 0.172708
2.753737 0.187615
7.891719 0.299012
0.346705 -0.844548
6.208814 -0.216750
5.209561 -0.163353
5.995729 0.123008
1.941455 0.415239
4.950640 -0.632180
6.405828 0.582216
4.885882 -0.672086
2.306018 -0.891221
5.301457 -0.546814
6.921041 0.040896
9.551637 0.455459
9.055169 -0.087081
6.514681 0.481040
2.971957 0.427898
10.087723 -0.849774
2.683655 -0.400533
10.569720 0.160629
6.860383 0.661723
10.510722 -0.162857
4.774786 0.052487
7.484529 -0.021745
8.827315 0.258246
4.128495 -0.061002
6.301143 0.274560
8.987703 0.115672
4.831364 0.747690
8.485006 0.168706
10.620711 0.005123
0.074428 0.385088
8.165049 -0.683143
2.276069 -0.011679
7.065670 0.513108
4.322152 0.228326
3.597152 -0.612794
2.132442 0.599095
8.983190 0.274310
5.531337 0.119480
4.126001 -0.125403
3.380240 -0.671685
2.907738 0.321439
5.680453 0.502563
9.219736 -0.064831
3.642874 0.408777
4.792041 0.864723
1.187885 -0.579583
1.703384 -0.617080
4.880098 -0.848471
4.075074 0.300507
3.416807 0.034190
9.206439 -0.324081
5.298932 -0.285850
9.092021 0.667189
7.847192 0.761718
1.186764 0.601587
6.466306 0.737138
7.620115 -0.125484
0.246871 0.449768
3.839511 -0.875970
4.900799 0.599490
4.262149 0.223949
5.233199 -0.118099
3.933867 0.632671
10.388993 0.239061
2.373575 -0.258706
6.891311 0.110282
7.154334 -0.415821
11.009460 -0.805814
10.682360 -0.144985
7.360919 -0.012917
0.748885 -0.429362
1.696616 -0.742409
3.435848 0.609565
4.811571 0.157958
4.855684 -0.603387
5.348657 -0.453462
8.655861 -0.039225
4.782588 -0.233832
5.255182 0.181401
8.731899 0.067009
2.893240 -0.340425
10.048159 -0.669981
0.694349 0.056384
1.466699 -0.482016
4.060987 -0.170828
6.817594 -0.146477
2.403349 0.527064
6.819263 0.640120
3.279251 -0.870357
7.399256 0.830138
0.937847 0.629745
3.615730 0.684999
1.309623 -0.801715
4.701887 -0.124878
8.587071 -0.667405
1.147688 -0.858658
9.213096 0.441045
5.612324 -0.244659
8.510874 -0.833473
3.207043 0.195835
1.230340 0.674216
5.417274 -0.357553
10.926042 -0.738418
5.800276 0.185033
2.722276 -0.493558
1.746419 0.748766
9.378515 0.684316
1.952522 0.782223
8.662169 0.213316
5.676227 -0.911021
8.367391 -0.296625
2.874381 0.513257
8.792946 0.652233
4.606075 -0.398551
4.189760 -0.553928
5.286154 0.084552
0.631075 -0.536252
5.255234 0.472701
4.857262 0.367292
3.712167 -0.067013
3.707138 -0.766963
5.267640 -0.741460
2.742618 0.135255
9.065046 -0.185474
1.702961 0.603673
0.070561 -0.961411
7.567891 -0.256816
10.695046 0.209863
6.264171 -0.504868
8.794160 -0.924053
1.814438 0.680735
9.083685 -0.898986
4.849078 -0.620359
7.353215 0.755877
3.231113 -0.678130
0.850163 -0.683745
3.084746 0.285979
6.161439 0.137064
2.119945 -0.635551
7.716394 -0.335368
10.063935 0.479756
8.824987 0.202613
9.285705 -0.588490
9.888224 0.430764
2.357104 0.498418
6.907434 0.743894
2.118642 0.234206
4.159848 0.016957
7.398255 -0.817819
6.624664 0.520090
4.581694 -0.259023
10.334390 -0.220093
0.452973 0.006972
6.325612 -0.744221
4.585379 -0.912817
4.567541 0.910196
5.232111 -0.357135
0.857350 -0.721735
3.877774 0.544119
9.080227 0.580166
7.129452 0.508004
4.007148 -0.739747
0.541169 0.737351
9.854648 -0.704454
4.312408 0.120813
5.305807 -0.189038
9.554179 -0.497622
4.001946 0.220203
8.083811 -0.698071
1.849706 -0.695669
7.086398 -0.014548
5.767744 0.841821
10.770500 0.184991
7.694775 0.607214
1.122263 -0.367511
1.387355 0.685976
8.943022 -0.569581
10.316088 -0.212870
5.510261 0.923983
8.484288 0.814819
8.157771 0.273802
4.117318 0.130891
1.595040 0.743222
1.448286 0.832529
3.862162 -0.654594
10.066100 -0.475522
9.829605 0.530747
9.321854 0.179921
6.826364 0.507567
6.655543 0.634496
1.548826 0.749747
1.060394 -0.350942
9.192192 -0.658283
4.746806 0.452117
2.103139 0.332351
5.144598 0.856375
2.659313 -0.399600
1.818853 0.929231
10.317992 -0.052483
4.146252 0.136866
9.823731 -0.868358
5.906902 -0.194277
5.894478 0.361639
4.067326 0.242608
8.909734 0.652002
3.446732 -0.863623
4.362008 -0.008363
0.684230 -0.829443
6.428058 -0.159391
4.015580 -0.941139
8.940666 -0.299336
1.121105 -0.768404
10.044355 0.092071
7.840909 -0.801085
3.832620 -0.075368
4.845853 -0.422485
4.969782 -0.476934
5.753231 -0.988463
8.256595 -0.308013
9.105695 0.093866
7.649345 -0.805342
8.634350 -0.894557
1.597478 -0.693861
10.175678 0.317821
1.814437 -0.622811
4.305808 -0.008432
6.902274 0.403914
7.355457 0.861742
9.811608 -0.518781
11.099234 -0.852105
1.865577 0.539204
2.287965 0.666328
3.867355 -0.476082
2.947109 0.620471
2.973960 0.963116
8.309915 -0.512381
7.072833 0.097710
5.690773 -0.878493
8.179314 0.795869
0.502999 -0.827576
0.399916 0.009646
9.016149 -0.317401
9.059864 0.551924
4.363683 0.788585
0.258971 -0.012705
4.274385 -0.116451
0.033834 0.059239
6.501146 0.099266
7.177928 0.131090
3.661659 0.848573
6.128017 -0.569534
3.825067 -0.916784
1.058617 0.898757
4.730942 0.919365
9.631129 -0.840351
0.438043 -0.180496
1.246143 -0.183188
10.588293 -0.700533
5.197329 0.271734
4.300937 0.355161
7.298731 0.439403
3.383345 0.815880
1.722304 0.617159
5.280366 0.716324
9.582841 0.558913
2.566359 0.972504
9.763576 -0.966741
2.491529 0.859027
2.376452 0.201284
1.215659 -0.782099
7.902636 0.021703
2.450088 -0.158760
6.304158 0.545760
5.073302 0.322721
4.835991 0.710103
3.216248 -0.806842
7.118210 -0.709965
8.706448 -0.338836
5.045720 0.533808
9.140441 -0.475376
9.670381 0.346728
4.657465 -0.848397
6.089002 0.121009
6.088958 -0.761786
3.786989 -0.021072
9.514477 -0.422598
4.670626 -0.149971
7.102174 0.919516
1.259220 0.290145
2.274494 0.234363
7.345201 -0.718910
6.396499 0.602813
1.804840 -0.087357
9.254976 0.255999
2.849271 -0.013137
3.151599 -0.384814
9.427675 -0.949987
7.494488 -0.050193
3.656196 0.231191
2.986100 -0.815704
3.836652 -0.324721
2.691174 -0.053419
11.029603 -0.789907
7.066463 -0.016645
8.413845 0.267441
1.300027 0.614064
7.166672 0.905015
3.412033 0.142641
8.691483 -0.447952
8.979740 0.326793
2.648408 -0.980989
6.846498 0.650542
3.313934 0.577287
8.188957 -0.251045
7.563886 -0.522566
4.622880 0.214212
5.762438 -0.928797
0.221028 0.753678
7.917275 -0.643496
0.407044 -0.854250
5.672348 0.399077
1.732043 -0.662791
2.012122 -0.247037
4.816820 0.848952
9.413998 0.216829
7.073938 0.675389
8.840480 0.692978
4.838429 -0.323015
6.097386 -0.355406
7.117446 0.806797
3.746082 -0.944629
7.629116 0.786573
7.500202 -0.946692
10.526013 0.330003
7.552211 -0.079145
7.270281 0.642071
6.093591 -0.345574
1.821533 0.730604
5.635885 -0.215818
7.618685 0.782207
2.050060 0.080311
4.810315 0.687416
2.485970 0.284263
3.265981 0.121897
2.147863 -0.722883
3.754499 0.301433
1.281953 -0.786346
5.246050 -0.379788
7.207376 0.149203
6.278298 0.531995
2.667213 0.729823
10.818578 0.160643
8.041760 0.561431
8.747025 0.159664
6.066957 -0.577132
6.098944 -0.169239
3.394061 -0.742784
1.698389 0.242395
8.641045 -0.454645
6.589489 -0.326226
6.069734 0.187141
2.067621 -0.116535
1.853431 0.756478
7.758380 -0.935337
8.768567 0.420676
9.603630 -0.690766
9.142505 0.513552
2.576232 -0.037927
8.447160 0.520941
3.770412 0.685478
4.866856 -0.832969
0.452076 0.749761
10.610067 0.367154
2.887768 -0.064934
1.030710 0.809054
7.815254 -0.536591
7.746666 -0.741601
5.593767 -0.713845
0.874397 -0.101137
5.661209 -0.137112
3.568484 -0.981434
0.663182 -0.211236
3.044245 -0.995755
1.539365 -0.077776
0.607987 -0.316154
3.845652 0.253383
1.063290 0.698521
6.894893 0.768103
10.627520 0.218608
3.851005 0.555353
1.173488 -0.920105
2.645035 0.748769
10.859586 -0.797151
3.260631 -0.103178
0.861702 0.187792
7.433211 0.736471
2.709271 0.582182
9.040457 -0.781140
8.460676 0.566475
7.827550 0.659859
4.742275 -0.734522
5.285676 -0.993995
9.013178 0.062567
8.952177 -0.654083
5.977071 0.869680
5.749069 -0.846470
10.293267 -0.862062
7.245905 -0.512353
1.041484 -0.889731
4.854361 0.310352
9.963817 -0.027598
4.866771 0.739989
9.024487 0.215629
7.931744 -0.673126
0.237725 0.615057
2.359807 -0.596775
4.000338 0.992498
7.337309 -0.075377
7.338188 0.461675
7.263606 0.254570
7.975264 0.641855
4.340003 0.360001
11.633465 -0.991189
4.431240 -0.010107
4.340155 0.197894
7.254516 -0.121027
8.435502 -0.439364
3.488532 -0.023248
9.722251 0.607203
7.289594 0.185222
5.203739 0.819874
9.773296 0.091002
3.022107 0.443629
3.999949 -0.789007
1.047687 0.037579
2.090382 0.315188
4.080291 -0.088860
10.295905 -0.083048
4.219456 -0.071150
2.666914 0.848884
1.003653 0.089376
0.417954 -0.400577
2.889382 -0.483950
9.949187 -0.919722
3.059139 -0.739044
6.471927 -0.074818
6.027633 -0.366912
5.668886 0.324529
2.658726 -0.357789
4.251669 0.587718
6.316847 -0.453682
6.919015 -0.770659
9.901478 0.014098
1.361180 0.529117
6.281353 -0.480958
0.880514 0.411737
10.147929 -0.623312
7.132742 -0.464328
10.554580 -0.446536
1.095840 -0.997134
3.194666 -0.785068
2.014223 0.893388
1.773965 -0.393242
5.140809 -0.133515
0.552035 0.203585
0.041411 -0.011131
4.026892 -0.956732
2.831490 0.524338
7.337223 -0.364245
0.370736 0.705672
1.906842 0.865959
10.092030 -0.007127
0.356246 -0.460149
6.698164 -0.463444
8.306482 -0.783894
9.432870 0.009217
3.827804 -0.593094
3.834077 0.514455
3.804333 -0.543957
1.073679 -0.695699
9.569666 -0.498797
10.440905 0.434210
0.423578 -0.462559
10.778181 -0.656591
2.915332 -0.407235
1.641508 -0.711842
4.944916 0.016948
1.355026 -0.319687
6.632875 0.405128
10.226316 -0.166657
1.342942 0.997518
10.256305 -0.031226
7.772530 0.329064
0.443695 -0.561059
5.797054 0.691686
6.037087 0.085190
0.175580 -0.193020
1.149641 0.720847
1.717910 0.641499
0.147078 -0.443293
2.212489 0.061811
2.829960 0.558434
2.076324 -0.038850
1.535661 -0.052822
5.012303 0.144308
1.013559 -0.009005
8.196558 -0.000342
0.010263 -0.176407
8.525483 -0.173422
0.899863 0.084922
0.012944 0.165578
5.844399 -0.094683
7.170801 -0.869752
1.682084 -0.522014
1.763945 -0.522831
2.622544 -0.201267
4.701575 0.118382
1.231722 -0.965862
10.816441 -0.828896
8.498572 -0.900505
7.994126 -0.901535
7.602844 -0.366618
9.042636 -0.937252
10.339651 0.071108
2.592707 0.420174
8.290100 0.794313
6.430366 0.892330
0.370523 -0.429370
2.718376 -0.065523
7.146950 0.670538
0.198969 0.390128
4.180619 0.212931
2.155719 0.139290
6.700902 -0.345611
1.208909 -0.005316
9.770918 0.517028
5.337564 0.444599
3.486634 -0.690406
6.981865 0.259142
2.517780 -0.274976
9.831550 -0.607659
5.472518 0.779206
3.771000 0.312446
7.349539 0.408648
8.343340 0.186193
7.984125 0.610943
4.521964 -0.511794
6.455429 -0.789252
9.212275 -0.344851
7.828976 0.545209
4.976758 -0.763069
0.355719 -0.063155
0.077756 0.648013
6.152612 0.947311
5.459257 -0.307158
4.160934 0.176964
2.835514 0.476060
3.216255 0.504368
7.523313 0.510555
4.399228 0.499939
3.614917 0.989549
10.507944 -0.423983
9.375705 -0.239985
8.547106 0.545651
9.391756 -0.771295
7.259038 0.027236
5.919951 -0.625922
0.157663 0.976002
8.377629 -0.099863
9.733230 -0.996383
8.837748 0.742478
2.337086 -0.682999
10.626591 0.363156
7.355319 0.110528
6.549178 -0.159279
9.447784 -0.171825
6.062443 -0.037778
2.545770 0.704448
4.357020 0.478994
9.653250 -0.182280
5.398845 0.368259
8.321108 -0.213897


