6.775412 0.759225
1.445593 1.349423
2.668313 0.600951
9.477943 -0.399790
7.553166 0.467937
7.582250 0.877895
1.201981 0.447752
11.746406 -0.786698
3.343136 0.238582
5.569750 -0.637877
9.696680 -0.554707
6.365789 -0.261151
1.842363 0.513521
11.482506 -1.210718
1.683030 0.866232
4.010201 -1.192596
4.684341 -1.476597
9.288341 -0.308350
10.828928 -1.063531
9.860968 -0.721487
8.389494 1.044823
1.555604 1.437987
3.700395 -0.541579
9.493036 -0.536487
11.431578 -0.941695
0.480998 0.267856
4.243450 -1.273241
7.628985 0.724031
12.411295 -0.336089
3.088190 0.127366
6.747613 0.040115
5.032234 -1.418976
11.954016 -0.691722
5.048531 -1.438676
6.360092 -0.372659
10.875495 -1.461427
1.044248 0.727077
3.201073 0.381572
3.959637 -1.164657
6.663073 0.313094
4.314762 -1.248184
6.611383 0.295910
7.352355 0.874739
8.380042 0.661855
8.610578 0.271179
9.726995 -0.686357
3.173123 -0.461793
6.199672 -0.141051
2.962244 -0.036796
4.289766 -1.392316
7.476834 1.081697
8.346573 1.296147
8.454587 1.032572
11.501270 -0.915847
1.846917 0.578507
3.489476 -0.611547
4.343575 -0.535863
8.652664 0.841221
11.479357 -1.146675
0.102209 -0.330087
2.742150 0.618517
1.014053 0.910692
12.516523 0.348282
11.504462 -1.229017
3.026402 0.544152
6.008805 -0.339008
6.194425 -0.329527
4.627510 -1.081562
4.509132 -0.937503
9.798928 -0.319504
2.027231 0.742545
10.641543 -1.133415
4.554134 -1.180953
3.683732 -0.364772
3.844007 -0.374448
1.079167 0.892262
5.116208 -1.176732
6.561881 0.716389
11.615859 -0.693013
10.674014 -0.938156
8.026114 0.893973
11.148991 -1.002917
3.256478 0.081232
5.369533 -1.134176
3.856685 -0.160303
0.564850 0.573612
11.549875 -1.092159
3.456222 -0.312444
10.069297 -1.065974
5.169345 -1.287265
1.424945 0.780168
1.578248 1.152791
6.643308 0.634779
4.003906 -0.263313
5.164503 -0.750036
0.585132 0.724273
8.840968 0.419689
10.993694 -1.269036
11.670822 -0.950234
2.815111 0.696076
6.791862 0.054961
0.495563 0.970384
7.134128 0.492717
6.128951 -0.572120
1.163762 0.794314
8.648940 0.847581
4.530910 -1.482616
6.492250 0.644008
8.528471 1.181856
9.689060 -0.248376
8.081661 1.257272
11.732388 -0.437816
6.657490 0.278970
8.679818 1.008461
10.602533 -1.300572
3.715949 -0.764248
1.151288 0.512057
1.892053 0.789288
9.394467 -0.468581
8.595084 0.353321
4.663251 -0.792830
11.590283 -1.001092
5.821686 -0.882964
6.567140 -0.002878
5.264180 -0.646694
7.077308 0.360503
0.025287 -0.373270
5.515453 -1.168342
9.408761 -0.331614
10.809661 -1.172386
12.533265 0.342064
8.805065 0.917128
0.120622 0.188293
6.180437 -0.431829
7.980718 1.030696
6.685227 0.711612
10.942905 -1.319933
0.151921 0.110564
5.937265 0.076073
11.694667 -1.110664
1.980446 0.573339
10.009004 -0.357291
9.813617 -0.180051
8.051774 1.425477
0.836923 1.005103
11.337969 -0.970467
5.571747 -0.189006
9.822288 -0.857087
0.848903 0.956755
0.612430 0.746373
5.141582 -1.159617
6.533239 0.396016
3.811314 -0.659800
2.797493 0.696751
10.058915 -0.985184
5.727019 -0.871759
9.445484 -0.086223
8.673226 0.226439
8.925698 0.968729
7.045290 0.675966
1.275293 1.175712
4.148971 -0.366429
11.905018 -0.483532
12.097687 -0.209750
10.907415 -1.138309
3.748547 -0.940433
9.872683 -0.678966
2.523617 0.488402
6.986008 0.200248
4.064383 -1.023739
5.453406 -0.460590
0.567155 0.979509
11.981005 -0.136545
11.809459 -1.083991
8.104293 1.300139
1.702430 0.510895
3.941838 -0.344251
7.827893 0.525973
10.616514 -0.677361
0.590231 0.143185
3.494217 -0.215009
11.903681 -0.462320
7.219123 0.934783
5.818226 -0.547898
10.498483 -1.300944
6.186069 -0.586672
11.174374 -0.837509
9.776139 0.113835
10.664592 -1.326152
10.199059 -1.103115
2.858460 0.236422
2.484458 0.627427
0.659653 0.916659
9.289064 0.099982
2.771265 0.814957
4.580043 -0.792082
5.897574 -0.519913
4.030170 -0.808943
1.501449 1.454694
5.297418 -0.470791
6.916090 1.068129
11.810871 -0.610159
7.982546 0.890007
7.412118 1.375297
9.342678 0.000402
9.312146 0.376233
9.022953 -0.107398
12.416936 -0.307731
2.189247 0.596185
1.522770 1.428217
11.007736 -0.795373
9.005622 0.581482
7.420107 0.415236
0.903944 0.498746
7.841731 0.841165
1.032837 0.888035
11.796075 -0.308057
1.040334 0.480229
3.674496 -0.038584
5.230410 -0.898842
3.340765 0.270167
0.864021 0.434112
0.284635 0.159223
2.262260 0.927864
3.519590 -0.838623
6.827890 0.507507
4.200834 -0.391975
1.535993 1.020798
2.863540 0.442091
9.684921 0.118499
2.164815 0.837341
12.352051 -0.255703
1.792020 0.921283
3.600006 -0.298167
0.055388 0.339759
0.500844 0.536238
1.682149 1.217025
0.055886 0.340190
8.038991 0.584665
2.687970 0.721845
10.658335 -0.573916
5.258710 -0.493213
8.061088 0.546099
1.352835 0.900570
11.170634 -0.906742
7.657107 0.882781
4.411461 -1.119894
0.663400 0.448743
10.019628 -0.073467
11.021901 -1.093522
8.900628 0.482527
6.996575 0.881588
6.173762 -0.061277
6.716825 0.521932
10.888022 -1.040443
9.640574 -0.565012
9.802370 -0.342269
3.007874 0.186131
3.359449 0.235341
1.154264 0.524472
6.077242 -0.448661
7.726824 1.014482
5.888694 -0.116137
2.354869 0.743499
0.725358 1.132079
1.055546 1.222432
3.846280 -0.405509
10.779707 -0.614825
9.345343 0.574986
7.582178 0.921728
8.178183 1.231272
9.225322 0.107329
3.415935 0.054197
11.377480 -0.509148
9.330052 0.542253
8.444285 0.341104
3.810915 -0.477748
12.407774 -0.229550
9.765520 -0.777643
5.903781 -0.125225
11.844458 -0.731363
11.355437 -1.373551
11.433295 -0.832199
5.685421 -0.536579
0.828641 1.134462
7.750978 1.228135
10.960263 -0.614310
7.692495 0.608233
0.955549 1.083945
6.675244 0.379874
0.873103 1.239820
2.192738 0.387436
5.794603 -0.089146
5.001021 -0.852190
2.166862 0.688136
10.583854 -0.468617
6.174802 0.275741
5.352357 -0.992102
6.329854 0.274658
5.886266 0.107027
11.603771 -0.792334
6.527811 0.357785
12.450078 0.230121
7.653766 1.025160
3.516355 -0.497404
9.367898 0.109321
8.519937 1.084485
4.783389 -1.008603
10.566026 -0.646175
10.500627 -0.382808
10.490973 -0.416482
9.815151 -0.161915
7.262229 1.043956
1.699129 1.010302
11.377644 -0.769458
11.993673 -0.510727
11.298196 -0.584388
7.685102 1.046270
8.846889 0.065352
3.172735 -0.429849
9.904254 -0.777449
4.781808 -1.204258
2.564506 1.041206
9.046949 0.432131
4.097417 -0.832719
2.449144 0.145281
2.119612 0.410460
9.283623 -0.107778
4.160794 -0.952160
5.647347 -0.367142
7.063179 0.824063
7.445690 1.228850
0.756319 1.099337
12.011516 -0.799875
11.165934 -1.421610
1.735927 0.952863
5.655766 -0.469187
6.312644 -0.457800
8.489951 0.957303
10.187343 -1.068286
9.339075 -0.072945
3.869751 -1.120294
3.594521 0.047290
3.209244 -0.530414
4.413049 -1.362623
6.017209 -0.739013
7.449027 1.120318
7.440328 1.368028
1.109843 1.185804
9.870833 -0.235894
11.763292 -0.652392
4.125102 -0.611368
4.304443 -0.553837
2.299450 1.237864
7.157071 0.934210
10.408354 -1.239282
1.936070 1.137212
8.992574 0.918101
3.162375 -0.064168
1.172639 1.357912
8.670713 1.088789
7.587033 0.896267
5.367292 -1.032689
2.767807 0.034069
11.800094 -0.809302
5.930975 -0.374954
12.029119 -0.404763
10.617549 -0.464578
8.008911 1.078666
0.126785 0.263747
9.724884 -0.777920
8.443172 1.115568
0.151399 0.648556
1.010458 0.954938
1.663222 1.073105
6.522741 0.550630
9.039852 0.083508
4.097213 -1.031113
11.701522 -0.794102
7.829882 1.037860
2.353125 1.134365
7.034543 0.421597
0.866497 0.495007
0.719799 0.351971
8.893900 0.132850
7.413128 0.771416
6.685839 0.884517
8.648101 0.545234
9.726117 -0.418068
0.515894 0.060503
7.322809 0.835777
1.118466 1.205764
2.056266 0.543646
2.937133 0.572488
6.528871 0.019895
12.065205 -0.462162
0.344368 0.621908
8.528219 0.652780
9.535196 -0.125587
11.374210 -0.965090
1.605676 0.672106
2.520848 0.953429
9.996529 -0.087501
11.617745 -0.883084
8.394956 1.187452
1.991383 1.223153
11.496138 -1.201318
8.249962 1.085952
8.916438 0.529454
0.064348 0.559595
2.089944 0.809063
4.779980 -1.157197
2.602629 0.570477
8.990759 0.401035
12.097797 -0.098104
8.251274 0.489367
4.864317 -1.378643
8.622765 0.500340
3.041977 0.026260
10.414443 -0.911593
6.123313 -0.000285
10.057768 -0.242461
10.769903 -0.521992
10.315984 -1.088213
11.633144 -0.511806
8.683883 0.794995
0.967037 0.509615
1.393343 1.140977
5.924651 -0.073185
11.529783 -1.052766
4.450210 -1.401561
11.424349 -1.245395
9.840305 -0.668113
9.694609 -0.091669
10.038634 -0.713792
6.700966 -0.077556
1.672987 0.973017
6.450834 0.089659
4.151730 -0.533965
3.692112 -0.794825
5.136326 -1.360240
10.574318 -0.509252
12.219696 -0.634629
0.108719 0.289099
8.364887 0.792284
11.386886 -1.271051
4.859619 -1.402388
6.213772 -0.239235
11.505741 -0.537593
11.211132 -1.458831
3.178016 -0.222757
6.096077 -0.293099
4.890342 -0.890921
10.330713 -0.884616
7.600434 0.537587
8.332647 1.271122
8.644864 0.780087
9.504123 -0.403370
12.303768 0.022311
10.402078 -0.601007
2.762466 0.015677
6.401512 0.021064
7.610826 0.679015
3.664340 -0.296648
4.256664 -0.892917
6.860062 0.208838
5.609130 -0.804699
2.176853 0.763204
3.014067 0.175428
12.272501 -0.751791
8.511526 0.863544
9.433838 -0.335816
0.481015 0.592261
6.439124 -0.120074
2.284142 0.311429
8.947327 0.677218
0.116454 -0.324691
5.783882 -0.506310
7.030644 0.532355
2.796109 0.202922
4.291410 -1.387081
2.128191 1.198388
2.402530 0.304704
10.004768 -0.422920
10.132878 -0.434413
10.387293 -0.892613
6.534290 0.171859
7.218732 0.498175
9.378373 -0.040101
0.184238 0.380941
2.604778 0.879894
6.836086 0.071987
6.713305 0.368215
9.847260 -0.856867
7.335920 1.218796
3.435949 -0.026811
5.007410 -0.933492
5.093062 -0.617886
5.869758 -0.218069
10.351564 -0.990707


6.775412 0.759225
2.668313 0.600951
5.569750 -0.637877
3.088190 0.127366
7.476834 1.081697
8.652664 0.841221
2.742150 0.618517
1.014053 0.910692
12.516523 0.348282
4.509132 -0.937503
9.798928 -0.319504
3.683732 -0.364772
3.844007 -0.374448
1.079167 0.892262
11.615859 -0.693013
10.674014 -0.938156
3.256478 0.081232
0.564850 0.573612
1.578248 1.152791
6.643308 0.634779
5.164503 -0.750036
8.648940 0.847581
9.689060 -0.248376
4.663251 -0.792830
5.264180 -0.646694
12.533265 0.342064
0.120622 0.188293
7.980718 1.030696
6.685227 0.711612
10.009004 -0.357291
9.813617 -0.180051
6.533239 0.396016
11.905018 -0.483532
12.097687 -0.209750
10.616514 -0.677361
3.494217 -0.215009
11.903681 -0.462320
7.219123 0.934783
11.174374 -0.837509
2.484458 0.627427
4.580043 -0.792082
11.810871 -0.610159
9.312146 0.376233
11.007736 -0.795373
9.005622 0.581482
1.032837 0.888035
2.262260 0.927864
1.535993 1.020798
2.863540 0.442091
2.164815 0.837341
3.600006 -0.298167
0.055388 0.339759
0.500844 0.536238
1.682149 1.217025
11.170634 -0.906742
6.996575 0.881588
6.173762 -0.061277
6.716825 0.521932
9.802370 -0.342269
3.007874 0.186131
7.726824 1.014482
5.888694 -0.116137
2.354869 0.743499
3.846280 -0.405509
9.330052 0.542253
3.810915 -0.477748
5.903781 -0.125225
11.433295 -0.832199
5.685421 -0.536579
5.001021 -0.852190
6.174802 0.275741
6.329854 0.274658
11.603771 -0.792334
6.527811 0.357785
7.653766 1.025160
9.367898 0.109321
10.566026 -0.646175
9.815151 -0.161915
7.262229 1.043956
1.699129 1.010302
11.377644 -0.769458
11.993673 -0.510727
7.685102 1.046270
9.046949 0.432131
5.647347 -0.367142
7.063179 0.824063
5.655766 -0.469187
8.489951 0.957303
7.449027 1.120318
9.870833 -0.235894
11.763292 -0.652392
4.125102 -0.611368
7.157071 0.934210
1.936070 1.137212
12.029119 -0.404763
8.008911 1.078666
0.126785 0.263747
1.010458 0.954938
1.663222 1.073105
6.522741 0.550630
7.829882 1.037860
12.065205 -0.462162
8.916438 0.529454
2.602629 0.570477
6.123313 -0.000285
11.633144 -0.511806
8.683883 0.794995
1.393343 1.140977
5.924651 -0.073185
9.694609 -0.091669
0.108719 0.289099
4.890342 -0.890921
8.644864 0.780087
12.303768 0.022311
10.402078 -0.601007
3.664340 -0.296648
4.256664 -0.892917
3.014067 0.175428
8.511526 0.863544
0.481015 0.592261
8.947327 0.677218
10.004768 -0.422920
0.184238 0.380941
3.435949 -0.026811
5.007410 -0.933492
5.869758 -0.218069


7.582250 0.877895
11.746406 -0.786698
9.696680 -0.554707
1.683030 0.866232
10.828928 -1.063531
9.860968 -0.721487
3.700395 -0.541579
11.431578 -0.941695
0.480998 0.267856
12.411295 -0.336089
11.954016 -0.691722
1.044248 0.727077
6.663073 0.313094
6.611383 0.295910
7.352355 0.874739
8.380042 0.661855
6.199672 -0.141051
2.962244 -0.036796
11.501270 -0.915847
3.489476 -0.611547
0.102209 -0.330087
6.008805 -0.339008
4.627510 -1.081562
2.027231 0.742545
8.026114 0.893973
11.148991 -1.002917
3.456222 -0.312444
1.424945 0.780168
8.840968 0.419689
1.163762 0.794314
6.657490 0.278970
3.715949 -0.764248
1.892053 0.789288
0.025287 -0.373270
0.151921 0.110564
11.337969 -0.970467
5.141582 -1.159617
3.811314 -0.659800
9.445484 -0.086223
7.045290 0.675966
9.872683 -0.678966
2.523617 0.488402
5.818226 -0.547898
2.858460 0.236422
9.289064 0.099982
5.897574 -0.519913
4.030170 -0.808943
7.982546 0.890007
9.342678 0.000402
12.416936 -0.307731
2.189247 0.596185
0.903944 0.498746
7.841731 0.841165
5.230410 -0.898842
0.864021 0.434112
0.284635 0.159223
6.827890 0.507507
12.352051 -0.255703
1.792020 0.921283
1.352835 0.900570
7.657107 0.882781
4.411461 -1.119894
0.663400 0.448743
8.900628 0.482527
10.888022 -1.040443
7.582178 0.921728
9.225322 0.107329
12.407774 -0.229550
11.844458 -0.731363
6.675244 0.379874
2.166862 0.688136
5.352357 -0.992102
3.516355 -0.497404
4.783389 -1.008603
4.781808 -1.204258
4.097417 -0.832719
4.160794 -0.952160
12.011516 -0.799875
1.735927 0.952863
9.339075 -0.072945
3.162375 -0.064168
7.587033 0.896267
5.367292 -1.032689
2.767807 0.034069
11.800094 -0.809302
5.930975 -0.374954
11.701522 -0.794102
0.866497 0.495007
0.719799 0.351971
7.413128 0.771416
8.648101 0.545234
9.726117 -0.418068
7.322809 0.835777
8.528219 0.652780
9.535196 -0.125587
11.374210 -0.965090
11.617745 -0.883084
2.089944 0.809063
4.779980 -1.157197
8.990759 0.401035
8.622765 0.500340
3.041977 0.026260
10.414443 -0.911593
9.840305 -0.668113
10.038634 -0.713792
1.672987 0.973017
6.450834 0.089659
12.219696 -0.634629
8.364887 0.792284
6.213772 -0.239235
3.178016 -0.222757
6.096077 -0.293099
10.330713 -0.884616
2.762466 0.015677
6.401512 0.021064
5.609130 -0.804699
2.176853 0.763204
5.783882 -0.506310
7.030644 0.532355
2.796109 0.202922
10.387293 -0.892613
6.534290 0.171859
9.378373 -0.040101
6.713305 0.368215


8.761461 0.715053
4.957500 -0.031728
10.472230 0.238708
11.065844 0.752718
4.575827 0.186549
10.390541 -0.003263
11.023955 -0.518335
10.035814 -0.233909
4.915844 -0.598042
11.538519 0.289135
11.544722 0.130089
10.596269 -0.202626
4.819985 0.906738
10.164421 -0.063278
10.469830 0.576061
3.088118 0.885457
11.845804 -0.513385
10.174601 0.898766
9.120401 0.833300
12.169816 -0.365845
5.199137 0.097033
11.165274 -0.030126
11.774939 -0.559237
4.995207 0.774756
3.421085 -0.156933
10.581549 -0.045437
3.815638 -0.030247
10.020769 0.355235
10.774753 0.752741
0.124067 0.181551
4.599930 0.023604
9.454369 0.273170
10.331057 0.576809
3.777564 0.053945
4.251651 0.657164
9.361547 0.285232
6.016268 0.940087
12.558152 0.612501
4.783182 0.302501
3.565133 0.919283
10.742974 -0.629435
9.478936 0.628781
9.253625 0.814011
3.411891 0.909660
7.353458 0.910940
0.072445 0.629650
10.693675 0.725268
11.797123 -0.479578
5.760386 0.146005
3.474911 0.731175
0.069856 0.696743
4.746548 -0.861803
0.658213 0.867568
4.839571 0.445620
10.366320 0.515383
10.859067 0.250304
9.418661 0.255863
4.018365 -0.033288
9.320381 0.418409
9.558587 0.941352
11.191080 0.695190
9.546545 0.444704
4.091168 0.044905
0.609328 0.464858
12.561274 0.784630
4.537674 -0.169513
10.719549 0.682762
4.152870 0.573320
12.090965 -0.460306
3.346736 0.917436
4.441659 0.278532
4.386182 -0.869636
4.367003 -0.396577
11.958665 0.008971
6.438875 0.686859
3.005747 0.126460
9.731855 0.850149
2.916822 0.197664
3.831688 0.861174
11.043645 0.507632
4.051028 -0.621169
4.641752 0.511666
5.170182 -0.054089
5.811348 -0.359005
10.193961 0.550866
5.852961 0.966050
9.282274 0.428502
10.967049 -0.628836
6.464547 0.602950
11.316438 0.501378
10.461326 -0.117985
3.663811 -0.140087
11.488212 -0.751477
11.708261 0.043212
10.367709 -0.604528
11.468045 0.084772
5.240842 -0.798597
5.983197 -0.090153
3.747836 0.785492
12.223250 -0.184654
4.812522 -0.685906
4.630788 -0.660690
11.242712 0.709031
3.950163 -0.411540
10.568889 -0.767203
5.186094 0.151675
4.255173 0.200940
5.116433 -0.760702
10.738785 0.655368
0.513515 0.502330
12.452073 0.506380
4.056066 -0.046243
12.317068 0.453396
7.402686 0.942277
4.444315 -0.615208
11.126905 0.606112
10.762165 0.555776
12.303432 -0.142325
11.708430 0.309509
4.788068 0.518250
10.053468 0.107337
12.391451 0.346456
5.621468 0.181958
9.921998 -0.454248
10.548460 -0.558823
11.756025 0.696624
6.094758 0.628351
4.303442 -0.009373
10.084033 0.530770
6.528328 0.721366
5.098934 -0.113330
9.798047 0.214651
3.279631 -0.017113
12.360718 0.696703
9.865148 0.364042
10.743870 0.917991
10.889964 0.323751
11.153844 -0.103455
12.028393 -0.059722
12.348274 0.700572
4.611707 -0.485615
1.277804 0.957310
11.481711 0.678876
10.284980 -0.566471
11.785634 -0.284467
4.358735 -0.320824
10.009200 -0.430058
11.848319 0.412702
12.418572 -0.003623
0.793713 0.748034
12.558242 0.760241
3.531821 0.033390
3.789023 -0.221098
2.252669 0.922695
4.895377 0.086047
10.692714 -0.089785
10.555902 -0.740080
5.836144 -0.338823
12.325322 0.143172
3.993250 -0.670940
5.351895 -0.301332
11.004129 0.459724
8.158124 0.989619
9.324199 0.622841
5.198983 -0.791607
9.677035 0.109379
5.838078 0.155324
3.486863 0.258858
5.445142 0.540737
6.180083 0.954459
6.703709 0.724533
0.499037 0.457094
10.754067 -0.661548
4.024234 -0.618411
6.579308 0.889744
10.012022 -0.149757
11.467704 0.907354
11.415707 0.239710
0.028288 0.646934
5.799885 0.804084
10.999192 -0.589751
11.307523 0.135270
4.899061 0.047841
2.400755 0.690732
10.996500 -0.238222
6.141523 0.993965
3.281123 0.243321
0.465992 0.402435
2.763125 0.544169
4.886460 -0.805272
4.274079 0.421696
5.008341 0.766333
0.288993 0.542762
3.012945 0.692739
11.380724 0.791492
5.847448 -0.011375
3.878548 -0.400227
4.967306 0.740347
11.514475 -0.722468
12.078604 0.121019
0.213226 0.735680
5.437288 0.448932
2.196119 0.914257
5.793176 -0.222902
2.665336 0.495666
5.394811 0.805882
11.721715 -0.371742
1.466648 0.979189
6.283691 0.395353
2.461354 0.901024
4.554103 -0.263114
4.623906 0.508828
10.981287 -0.139734
4.479340 -0.794501
4.693878 0.311396
11.137135 -0.811436
3.240681 0.997084
4.557192 0.637800
3.416064 -0.005758
10.179920 0.245536
10.557561 -0.505328
11.131298 -0.103048
10.461266 0.627910
3.695060 0.979400
3.694161 -0.169241
9.149035 0.895185
10.783483 -0.727667
4.834259 0.486773
9.856156 -0.068628
11.561186 0.474211
4.135993 0.101537
1.404838 0.959659
6.564239 0.582527
4.568460 -0.751553
12.358946 0.946835
0.591286 0.596353
9.851072 0.559644
3.981999 0.378378
4.229894 -0.741924
5.340192 -0.170571
12.125770 -0.434003
10.043327 -0.417497
5.047787 0.464550
4.745528 0.584547
5.719217 0.672674
0.468410 0.535038
3.983436 -0.139903
5.670082 0.904064
6.874492 0.683391
4.004130 0.138512
6.233019 0.742708
3.052274 0.441536
4.914459 0.795802
4.967334 0.944103
10.474056 0.395313
0.118940 0.643324
11.489060 0.961963
4.189387 0.828364
8.842755 0.951145
3.722889 0.346433
12.486868 -0.179931
6.313165 0.878603
10.331396 0.284624
2.287808 0.810452
3.577366 -0.143832
10.415422 0.394846
10.704017 0.098530
5.446727 -0.388461
10.632072 -0.485999
9.347500 0.579010
5.661224 0.696725
4.694903 0.548523
10.922019 -0.244147
3.609673 0.834071
2.871099 0.437661
3.088050 0.902036
11.551615 0.149892
5.583280 0.487574
11.117154 0.626470
10.191907 0.913718
3.976338 -0.142193
0.884124 0.757904
9.143458 0.922891
0.302840 0.354740
4.350891 -0.302565
6.223031 0.372922
9.450716 0.225258
6.049440 0.774851
6.306153 0.287898
4.211743 -0.404518
3.700074 0.577139
3.234181 0.329203
11.805313 -0.639763
9.166642 0.951937
10.395358 -0.420878
11.313878 0.715320
3.356039 0.115872
10.529527 0.055309
5.237290 -0.277736
11.518210 0.708413
5.565893 0.916125
3.437031 -0.035338
10.979175 0.848721
9.512434 0.093693
5.836602 -0.077776
5.424792 0.437286
4.678225 -0.245461
2.565312 0.973672
3.942528 0.847367
5.697126 0.833614
11.757048 0.298076
3.623250 0.218498
4.391632 -0.650189
4.106004 0.738888
4.264442 -0.111169
3.260740 0.629047
10.761103 0.457179
4.267498 0.031743
11.517647 -0.485106
3.062718 0.709031
11.819510 0.058506
11.556303 -0.724605
0.125760 0.235947
12.384061 0.351770
10.671134 0.691367
5.304398 -0.607912
10.413160 0.149158
5.735126 0.333448
0.373113 0.408144
4.296239 0.327766
9.616358 0.337773
10.953298 0.397332
11.245889 -0.497277
7.213984 0.858510
2.688111 0.623756
5.792106 0.999309
4.476942 0.930150
6.890126 0.927590
4.133184 0.111500
4.474023 0.709764
3.076292 0.122253
5.885793 0.478517
5.102192 -0.292454
6.178441 0.486037
10.989583 -0.528265
5.111347 -0.884296
10.551210 0.649255
6.236245 0.828140
4.628830 0.839553
12.470111 0.547451
5.605124 -0.387090
4.753355 -0.883355
0.540528 0.625228
10.448001 0.268741
4.518465 0.589371
10.367706 0.027752
3.738046 -0.406012
4.942510 0.892713
9.113784 0.915254
12.108685 -0.274822
10.760106 0.101721
5.823502 -0.399185
11.987460 0.997218
0.859934 0.837272
10.568259 0.562524
10.460922 -0.162297
11.439767 0.435910
10.925565 -0.466758
12.142963 0.031367
3.555376 0.940793
12.148997 0.315286
4.241021 0.534671
12.261838 0.069364
4.815232 0.035670
11.242467 0.529334
3.058428 0.812262
10.177174 -0.569865
11.436250 0.907355
5.606763 0.998993
6.130607 0.974759
12.519908 0.357943
10.296398 0.242614
11.732930 -0.088243
9.554924 0.084546
2.743712 0.552509
12.467620 0.569753
9.444853 0.166023
3.991000 0.961365
6.952500 0.895042
9.596819 0.655398
4.172816 -0.278105
5.905680 0.510834
5.497871 -0.732826
3.670646 0.476565
2.808213 0.875077
10.890610 0.428340
5.202902 -0.524093
10.689709 0.677117
10.922534 -0.584583
0.333968 0.232251
4.084733 0.928501
8.659939 0.807249
11.533293 0.741579
11.594208 0.391061
11.204916 0.362997
10.748751 0.515882
8.859870 0.780087
4.026684 0.896159
3.375374 0.024566
11.062879 -0.042872
8.173435 0.898230
5.817731 0.634442
5.526228 0.339488
0.343473 0.236102
3.169803 0.556535
10.910351 0.825139
6.561356 0.746943
11.103029 -0.130806
0.688595 0.781227
9.857834 0.939019
8.991342 0.581618
3.466023 0.059018
2.573625 0.800942
11.117081 -0.229997
12.285992 -0.292747
12.137027 0.667846
3.316557 0.552515
5.435789 0.820478
11.800263 0.070054
3.184287 0.253974
4.633244 0.413355
4.864412 -0.020119
4.547102 0.985953
3.626579 0.305265
3.964244 0.360556
3.277757 0.613954
11.021121 -0.369753
9.636169 0.809011
11.835561 0.710361
6.895073 0.695017
10.083572 -0.572050
4.223310 0.326876
10.628133 0.425031
4.506198 0.523635
0.000361 0.449959
11.745075 -0.252385
3.003505 0.328661
6.337867 0.488462
12.248675 0.471204
4.067675 0.710215
2.924521 0.985195
5.889012 -0.105154
3.947630 0.496541
12.116417 0.598909
5.210555 -0.416933
5.870460 0.860417
5.071666 0.824611
4.042798 0.109229
4.246524 0.203785
12.394512 0.000186
12.374227 -0.043846
11.705352 0.447437
3.508562 -0.287043
12.011800 0.372561
5.588967 0.436687
9.397392 0.421397
11.451772 -0.352879
11.302153 0.830042
4.993725 0.956147
0.057907 0.950335
5.913441 -0.185406
4.879304 -0.221253
4.125442 0.413830
4.776740 -0.224530
11.293114 -0.626526
10.076566 -0.439611
8.971665 0.856617
4.432118 -0.331027
5.404322 0.881885
6.304807 0.362789
5.209760 0.088769
4.939720 0.857495
3.385909 -0.083161
9.795831 0.602885
11.301568 0.832160
5.765249 0.087030
10.632547 -0.588751
4.925040 0.746228
6.893806 0.682397
4.567083 0.450559
8.584104 0.892859
9.824059 0.284781
9.179338 0.659133
4.235898 0.207725
11.900682 -0.206959
3.789632 0.459547
11.421959 0.250846
11.276623 -0.032620


6.224398 -0.418450
2.706797 0.329781
6.472595 -0.139264
0.020466 -0.696294
8.684529 0.200821
3.482219 -0.696142
7.085520 0.393357
0.911529 -0.608757
1.967145 0.351689
8.974376 -0.353318
8.912425 -0.566241
1.225589 -0.029479
5.942181 -0.777436
11.890037 -0.967251
9.376155 -0.594686
6.692156 -0.356610
9.188377 -0.454139
11.725598 -0.837701
8.210043 -0.646560
9.113941 -0.119424
1.891389 0.952586
0.840293 0.144510
7.705733 -0.890641
3.393072 -0.683461
8.982415 -0.408725
9.240087 -0.368906
6.293703 -0.435774
1.907934 -0.048977
1.967501 -0.743199
3.136136 -0.315449
5.995864 -0.967267
7.580275 -0.702570
7.892537 0.203407
9.433924 -0.909310
7.381175 -0.082659
1.820857 0.690815
6.964758 -0.700688
1.514366 -0.066739
9.201326 -0.819093
8.285969 0.641213
7.750710 0.941822
6.804117 0.280157
2.119907 0.025126
2.327677 0.091260
1.556427 0.236160
12.211905 -0.790397
0.016085 -0.910907
0.683255 -0.643125
3.024972 -0.460738
8.275426 -0.937868
12.133688 -0.965312
2.074208 0.345946
9.905964 -0.870369
8.031114 -0.215958
5.411916 -0.874495
8.121933 0.655860
8.809084 -0.506835
8.771548 -0.084716
11.180315 -0.973780
7.542352 -0.633582
10.013323 -0.685961
7.830337 0.332284
8.082580 0.116427
9.457457 -0.831053
9.465528 -0.841740
5.749558 -0.526322
4.390366 -0.930161
0.731610 -0.333010
0.525625 -0.658575
8.281462 -0.411817
7.509694 -0.459901
6.999643 0.627907
8.820637 0.480941
8.518585 -0.811416
5.842091 -0.911464
7.862292 0.570482
7.893739 0.532650
1.200398 -0.130253
1.581195 0.750033
0.925554 -0.307047
8.123633 -0.035900
1.426744 -0.500799
9.759798 -0.754624
7.630627 0.323491
3.278204 -0.397144
6.816288 -0.348785
8.512204 -0.860359
7.575892 -0.637019
0.766688 -0.411455
8.160656 -0.643568
7.971791 0.250794
2.517463 0.237830
12.241081 -0.560201
3.125181 -0.237580
8.164795 0.840450
10.120923 -0.901462
0.184544 -0.185241
6.806606 0.554620
9.767885 -0.851644
8.303633 0.306775
8.139968 0.132670
8.970185 -0.674323
11.603505 -0.878747
1.795208 0.265909
12.040464 -0.943746
7.456684 -0.437014
6.298922 -0.013531
11.999364 -0.927734
0.469246 -0.070592
9.082389 -0.002306
3.264864 -0.960455
8.085856 -0.378876
1.340145 -0.291474
8.827988 -0.708527
8.444449 -0.640785
8.953338 -0.678127
0.237366 -0.400880
8.317301 -0.958933
7.034167 -0.602385
6.693076 0.384235
2.048368 0.439191
9.210904 -0.170564
0.698319 0.539071
7.457532 -0.969712
8.456302 0.343376
11.933821 -0.919076
7.370793 -0.652056
7.845376 0.707627
3.015126 -0.307961
2.623126 -0.901412
3.421701 -0.766640
1.314131 -0.089411
1.731652 0.069572
9.064966 -0.461005
9.514920 -0.202882
1.273238 -0.809403
1.493017 -0.516850
0.518631 -0.274023
1.760158 -0.510933
6.625869 0.350353
0.048785 -0.285868
6.912345 -0.770873
2.554371 0.135924
6.182802 -0.177195
8.258810 -0.836772
5.927494 -0.367924
9.022607 -0.364440
0.994850 -0.567710
1.372675 -0.043356
1.536219 0.812280
0.934967 0.363634
11.636251 -0.779690
3.432493 -0.881374
7.807723 0.917308
7.265248 -0.735761
8.022824 0.673632
0.698655 -0.094891
1.354082 0.891398
2.554341 -0.834258
6.535315 0.021629
7.179851 0.642947
7.516673 -0.859534
1.558229 0.978292
1.070417 0.289315
2.431622 -0.288668
1.024330 -0.569721
7.840254 -0.661140
3.948660 -0.962660
9.302912 -0.560818
8.642599 -0.864080
7.921736 -0.253642
1.667772 0.532325
7.052869 -0.613839
0.291188 -0.464738
6.367671 -0.088645
7.957300 -0.402870
2.361821 -0.983184
7.791835 0.765757
1.301043 -0.898474
2.733804 -0.482896
10.021051 -0.603659
12.447065 -0.535270
7.825042 -0.134539
7.310574 0.352088
0.069802 0.001291
6.509352 -0.743287
3.092246 -0.715039
3.267431 -0.179618
9.021207 0.079791
5.988807 -0.667103
1.093096 0.185100
1.974801 -0.110206
9.872989 -0.643670
2.830226 -0.189470
9.229473 -0.763136
1.051789 -0.326696
0.170504 -0.113316
10.893625 -0.910047
12.059651 -0.782299
1.124918 0.774431
2.175119 0.776682
8.636404 0.113510
1.798540 -0.127078
12.366413 -0.893789
8.405878 -0.283644
7.746216 0.434367
2.657222 -0.523885
1.673609 -0.696975
8.819610 -0.572049
0.937284 0.259312
1.418672 0.891162
1.240974 0.875250
12.341690 -0.633151
7.435061 -0.468175
7.135700 0.579844
8.834811 -0.712682
7.416624 0.303521
7.110804 -0.543283
6.943209 -0.618188
0.826065 0.534481
1.568260 0.198718
6.354447 -0.215686
1.621089 0.804427
1.455147 0.440195
6.473046 -0.992718
8.228053 -0.058454
6.495488 0.270555
7.883838 0.330329
8.051465 0.392116
0.118873 -0.624625
7.511181 0.007305
6.595611 -0.634680
2.013415 -0.015218
6.142421 -0.889081
2.385608 -0.619063
1.375906 0.885796
8.163304 -0.248445
7.311806 -0.520287
0.288062 -0.680510
1.113587 -0.169308
7.606379 0.009385
7.827190 -0.837158
2.384045 0.091551
7.669540 0.180168
5.971954 -0.768183
8.162091 -0.373480
10.288506 -0.967225
5.386536 -0.941269
2.189779 -0.551592
1.120609 0.471602
1.507931 -0.925485
1.107438 -0.037279
7.600955 0.344828
6.185964 -0.456598
1.406590 0.773475
8.781724 -0.110079
1.863597 -0.104841
8.808473 -0.305754
1.602225 -0.630775
9.194822 -0.478810
8.660829 0.096269
6.179515 -0.089464
6.607748 -0.585471
3.154325 -0.560064
7.478908 -0.869138
1.168799 0.792874
8.426586 -0.394788
7.434521 -0.983614
7.584936 -0.401156
6.946603 -0.583214
1.099151 -0.867892
3.114647 -0.219090
5.887791 -0.652526
1.745419 0.090220
5.709211 -0.990454
6.165388 -0.077922
8.429016 -0.528427
12.409859 -0.618427
2.801843 -0.596518
8.956230 -0.087144
1.567318 0.003643
6.906390 -0.910436
9.333700 -0.239415
6.931931 -0.050461
2.445033 0.366888
3.457942 -0.589851
2.169214 0.497645
10.419550 -0.798951
8.350321 -0.541703
1.587174 -0.093328
0.245613 -0.563072
1.681138 0.909305
1.799308 0.810602
1.136366 0.304261
6.042360 -0.430564
11.582464 -0.932392
1.596740 0.085718
5.919619 -0.972688
2.610183 0.145739
1.498076 -0.626574
1.558767 -0.548277
3.425215 -0.404800
0.473435 0.232037
2.604980 -0.132366
11.989063 -0.603435
0.377289 -0.870500
6.718797 0.159380
9.150974 -0.576151
1.318167 0.886395
1.562938 -0.047752
11.566362 -0.994366
1.114626 -0.710796
10.406615 -0.952264
7.220188 0.709239
6.425715 -0.315310
6.801501 0.420702
0.938657 -0.385252
0.930745 -0.495429
6.701282 -0.392882
6.332411 -0.411840
8.752891 -0.246514
6.951379 -0.668624
8.260728 0.030548
1.619145 0.486935
8.279142 -0.516627
1.127238 -0.127673
2.311075 -0.695842
7.518015 0.249015
7.797831 -0.143934
9.952024 -0.801302
3.192094 -0.588983
7.036138 -0.163053
2.432636 0.376966
2.073717 0.466669
0.650673 0.330296
2.247932 -0.732535
2.526668 -0.651058
0.479282 -0.199357
2.362326 -0.936075
1.422038 -0.180879
9.322657 0.234159
1.891687 -0.725824
11.764189 -0.926890
2.368287 -0.965030
8.290521 0.246301
8.305004 0.434289
0.002782 -0.775764
5.572751 -0.711928
6.757782 -0.900391
8.210221 -0.928480
0.023406 -0.581711
7.515100 -0.449026
1.668317 0.449248
7.297976 0.430480
9.213996 0.261906
7.994656 0.276685
0.875525 -0.129978
12.078496 -0.523291
7.095080 0.104045
6.811464 0.526102
8.854005 -0.018559
7.595835 0.481978
8.359959 0.505582
6.203567 -0.099798
12.408611 -0.482833
2.799938 0.019866
7.295511 -0.624323
1.151567 -0.199935
1.943268 -0.799708
7.439301 -0.766495
2.408445 -0.989307
6.737005 -0.252591
2.208202 -0.495973
9.501759 -0.650613
2.486670 0.434272
7.492952 -0.244145
7.778336 -0.154213
2.216219 -0.600385
7.825163 0.620660
0.180844 -0.796383
2.789639 -0.371870
1.016849 -0.785004
1.922961 -0.292496
8.138835 0.724968
2.270479 0.557484
7.515538 -0.192030
1.051420 -0.147076
9.471503 -0.524351
8.128980 0.705030
12.121352 -0.795148
6.272656 -0.393216
1.975623 -0.657909
2.377549 -0.610766
2.430771 -0.637343
1.613603 0.037945
6.660035 -0.327584
7.497830 0.826746
8.019242 -0.673097
1.232265 0.590888
11.267188 -0.973521
11.583737 -0.916225
6.327245 -0.446213
2.861816 -0.536381
6.773921 0.250450
9.323297 -0.008963
1.283648 -0.471923
0.669311 -0.911687
6.147247 -0.191264
1.131759 -0.059482
3.231802 -0.120670
3.079542 -0.004221
8.421589 -0.903091
9.675811 -0.956353
2.629788 -0.740815
1.465260 0.320060
2.182442 -0.035568
0.404044 -0.537809
2.732219 -0.813626
2.311210 -0.018429
2.002833 -0.688598
7.624819 0.458574
9.465953 -0.669117
3.796455 -0.842790
8.591505 -0.852631
0.972777 -0.249876
0.288683 -0.003152
7.411437 0.737831
2.308688 0.421521
2.822853 -0.982656
12.415630 -0.731600
1.233448 0.831984
1.239098 0.120578
7.609717 0.894081
1.531982 -0.209545
8.900944 0.470381
0.958518 -0.560054
2.220332 0.465479
9.206323 -0.071041
8.922936 0.192952
0.604062 -0.901267
3.455495 -0.664741
1.507451 0.510501
10.014427 -0.869093
7.470260 0.045782
1.286387 0.778398
1.456203 0.536532
2.485521 -0.536561
1.628225 0.902077
8.611562 -0.103260
7.531417 0.219141
8.544051 0.391651
2.482734 -0.715346
0.551493 -0.948072
6.973638 0.416705
7.244561 -0.546275
1.488134 0.509898
0.773351 -0.523872
1.074650 -0.401355
6.827604 -0.445242
6.716454 -0.576690
5.996214 -0.565859
1.584682 0.887574
12.493328 -0.949116
4.371604 -0.915885
8.645236 -0.902208
1.705252 0.229537
2.598837 -0.533287
7.162109 0.666009
1.639764 -0.325133
2.458134 -0.621918
6.922291 -0.762225
6.158558 -0.232802
0.371178 -0.827894
2.003275 0.397836
9.122942 -0.726128
0.688424 0.236738
2.835805 -0.432350
9.260979 -0.371968
2.881147 0.173836
3.202801 -0.203373
9.315055 -0.802712
9.647348 -0.435858
11.215571 -0.865920
7.932831 -0.003331
1.791541 -0.744599
6.414813 -0.137689
1.446646 -0.407132
1.911544 0.174843
6.536251 -0.067350
9.676687 -0.846877
2.357876 -0.205011
2.346373 0.051123
12.556745 -0.824964
3.174116 -0.335438
7.005081 -0.602674
2.353857 -0.122813
8.954871 0.472415
9.975209 -0.822984
8.710582 0.380431
9.643099 -0.567745
7.942288 0.745226
7.184202 -0.475694


