10.320519 -0.803127
4.357445 -1.106073
8.472085 0.980895
3.780680 -0.444677
7.341599 0.768991
6.028079 -0.184841
1.583679 0.916952
3.141933 -0.091388
3.880458 -0.768377
2.484804 0.751979
2.871606 0.161060
5.735832 -0.345420
7.965491 1.103636
6.023037 -0.427242
2.531865 0.659508
5.765039 -0.678074
3.644652 -0.474100
7.797785 0.940408
1.093444 1.007987
5.635181 -0.762916
4.576503 -0.985759
4.928694 -0.880386
3.295824 -0.176707
12.087791 -0.579465
5.284021 -0.681778
4.926081 -0.926259
8.809763 0.685972
5.339920 -0.776372
7.590779 0.915052
3.239743 -0.238189
7.773274 0.983711
6.379152 0.187296
3.414821 -0.125910
7.352365 0.740492
9.406094 -0.001730
4.351239 -0.836678
10.782246 -1.016357
5.150056 -1.029755
3.162970 -0.066199
8.701448 0.565499
11.683921 -0.792398
2.415627 0.785486
11.765138 -0.894191
9.998833 -0.636035
3.139749 -0.040853
6.286122 0.114885
0.070248 0.153743
0.703151 0.812143
3.416245 -0.255353
9.302974 -0.032843
11.432148 -1.046508
1.813900 1.149344
10.509665 -0.718255
3.116155 -0.099697
4.287531 -1.086200
6.741443 0.367236
2.837602 0.223062
1.385771 0.895473
7.725871 0.849975
4.315938 -1.012329
6.962087 0.699779
10.871221 -0.891569
9.856122 -0.350117
7.331611 0.749068
10.650052 -1.126707
4.084798 -0.902547
4.553459 -0.849133
10.271910 -0.909704
1.257466 1.034593
5.805839 -0.611394
7.485735 0.995735
5.414704 -0.799145
2.008374 1.098442
9.031884 0.273516
11.351324 -1.016234
12.106444 -0.300022
5.016996 -0.970296
2.719598 0.229768
5.917401 -0.157856
5.460278 -0.825355
10.651204 -0.929920
7.789585 1.095473
11.255693 -0.836849
6.426450 0.069518
8.984382 0.480217
10.650650 -0.987700
5.600326 -0.757461
9.237382 0.016570
10.381220 -0.881055
4.191338 -0.716484
7.550047 1.074498
2.286691 0.710200
11.838863 -0.688457
8.363573 0.747217
11.758804 -0.653890
7.541864 0.989913
12.363924 -0.073706
5.645701 -0.669553
10.225475 -0.678242
2.227971 0.685415
0.025398 -0.001074
11.103492 -1.057046
3.177845 -0.087529
3.389572 -0.429840
8.204186 0.767760
3.840270 -0.551630
2.404267 0.583958
8.913175 0.667782
0.953849 0.956599
9.576432 -0.327483
2.542090 0.387418
3.068398 0.226660
6.378571 0.099349
11.161930 -0.928140
11.278555 -0.771599
3.146457 -0.054613
9.982658 -0.441375
12.254741 -0.276739
6.633720 0.298348
3.500813 -0.549010
7.047360 0.654017
12.257036 -0.217666
8.850161 0.731791
8.665600 0.522400
7.500553 0.792763
4.547455 -1.181936
7.348169 1.029166
3.133879 0.157140
10.116656 -0.692989
0.822863 0.622374
2.613212 0.481252
2.946731 0.211592
0.360542 0.511597
10.598860 -1.019068
11.918515 -0.619586
12.523693 -0.131147
3.688293 -0.514439
0.382953 0.428971
11.520848 -0.848865
0.356716 0.378616
1.599729 1.070590
5.225609 -0.753261
1.736382 1.109967
10.076990 -0.699277
3.710251 -0.620522
6.481091 0.277957
8.969596 0.579668
8.592054 0.885904
5.036835 -0.818331
4.937659 -1.109908
11.795338 -0.857511
7.524492 0.902405
4.382155 -0.874528
11.218490 -1.007075
11.566354 -0.750611
0.359931 0.546228
7.279416 0.976203
1.973867 0.846340
0.143534 -0.010643
11.905071 -0.581873
0.382229 0.352991
5.887333 -0.245840
6.234372 -0.058292
1.783888 0.789335
3.134741 0.178982
9.639075 -0.034801
8.687842 0.578307
3.969334 -0.611275
8.432877 0.709653
8.466577 0.935048
4.427150 -0.836622
10.480695 -0.887025
6.720080 0.307232
7.448058 0.774451
10.175246 -0.876159
6.045526 -0.383017
1.539988 1.085386
5.628229 -0.758159
1.769561 1.063559
7.567190 0.941159
2.826032 0.221892
11.907797 -0.667252
4.637865 -0.835008
10.531132 -0.974827
3.106975 -0.008090
6.498121 0.074367
8.498129 0.963039
3.820045 -0.680592
7.004105 0.741243
5.627475 -0.608120
11.595223 -0.872114
0.156839 0.192295
2.332397 0.613820
11.789898 -0.623247
5.180490 -1.019396
10.771655 -0.944644
0.503356 0.648010
8.196175 0.968461
0.120336 -0.017868
9.841457 -0.432204
8.127003 0.950939
11.970494 -0.546717
6.719884 0.371311
11.661623 -0.746988
9.111029 0.186896
9.243347 0.087270
5.537733 -0.779483
12.100546 -0.480785
9.427273 0.031045
11.853846 -0.843918
1.814714 0.850883
7.268649 0.723495
2.424338 0.674301
4.486016 -0.971903
11.418443 -1.059506
1.195854 1.025232
5.449112 -0.923513
7.543603 0.776793
11.299374 -0.828742
11.154158 -0.873328
0.169060 0.025249
2.505674 0.652607
5.754469 -0.407150
12.247841 -0.144498
8.642949 0.854981
0.120280 -0.049445
10.017862 -0.502761
1.139937 1.084828
6.815422 0.351407
2.031913 0.761977
9.197236 0.361854
11.305654 -1.128459
7.761290 1.063442
5.284027 -0.903681
2.969118 0.171399
9.927592 -0.479757
10.270054 -0.909730
9.534239 -0.288960
7.254320 0.913715
0.291200 0.407630
0.498725 0.411400
9.691608 -0.310516
10.005757 -0.719209
3.865511 -0.607862
8.323257 0.993615
9.664695 -0.177901
9.085681 0.355810
12.035326 -0.681351
0.924492 0.888687
12.185293 -0.276913
6.706407 0.513644
9.789633 -0.414005
11.374275 -0.912708
4.648431 -1.075915
1.859944 0.968916
11.651760 -0.956572
9.011421 0.292836
3.956786 -0.828256
10.194165 -0.810807
9.406238 0.127585
3.624919 -0.480509
2.047442 1.060128
3.413091 -0.115559
2.916786 0.196320
5.842553 -0.482712
2.593139 0.479724
3.096138 0.230505
5.055231 -0.989842
5.438289 -0.737618
11.499630 -1.035621
10.964084 -1.017186
4.330377 -0.978185
1.290117 1.065456
11.849060 -0.808371
2.173607 0.779747
5.719755 -0.448820
7.019459 0.806077
2.592027 0.537319
4.472787 -0.869877
1.019858 0.936612
4.418535 -0.898058
8.808853 0.705710
11.414075 -1.062229
11.042104 -1.136031
12.341372 -0.394812
4.605451 -0.931548
12.052474 -0.317116
5.994748 -0.268743
2.955430 0.098191
0.562315 0.636275
8.221641 1.106624
4.425585 -1.072803
3.787960 -0.697601
9.721856 -0.221677
0.011319 0.078789
5.631641 -0.747183
4.043221 -0.651749
10.908568 -1.024216
6.150170 -0.207659
7.772688 1.080683
2.143010 0.855541
0.225221 0.138049
6.349697 0.212022
9.240185 0.083259
8.179374 1.047993
5.340873 -0.999018
6.444436 0.215001
5.943151 -0.361583
6.429045 0.019397
12.374905 -0.140645
12.234220 -0.242318
10.425522 -0.929217
3.191297 -0.238086
1.945617 1.066038
5.164217 -0.965294
0.055726 -0.094949
3.791967 -0.658697
3.292672 -0.298306
4.552589 -1.037381
10.527148 -0.939355
9.212293 0.252678
8.829664 0.552888
1.238476 0.886781
2.793059 0.430993
10.648899 -1.112171
12.250945 -0.137671
0.664466 0.583738
5.065427 -0.853021
11.229653 -1.130491
0.174573 0.048381
4.805618 -0.923732
2.133056 0.858507
4.948479 -0.940095
7.035212 0.606502
5.067070 -0.983858
7.223426 0.766620
6.278784 -0.056057
8.677579 0.811861
7.796591 1.109353
10.064866 -0.711044
2.724568 0.214780
10.576287 -0.889169
6.346433 0.166174
5.792675 -0.486013
10.860628 -1.086490
1.581769 1.010486
3.144563 0.107506
6.774609 0.423297
3.198206 -0.229253
9.534314 0.023541
11.177341 -0.807305
4.773208 -0.853603
11.717950 -0.795792
8.117300 0.827784
9.330689 0.204550
0.874274 0.902853
7.565370 0.772818
4.935703 -0.881526
10.617070 -1.073762
10.706382 -1.054762
5.378214 -0.712227
12.004553 -0.382577
7.585715 1.100877
9.636549 -0.144356
0.059525 0.045151
9.054455 0.390170
6.145653 0.011560
10.178273 -0.711406
4.697154 -0.803694
10.065256 -0.764166
11.214707 -0.923902
10.870072 -0.948892
7.041270 0.523559
6.074732 -0.089603
1.196764 1.049152
3.267994 -0.063668
1.303818 1.124780
11.015172 -0.877608
1.477552 1.192614
1.021905 0.695952
6.616173 0.462507
4.304958 -0.809500
11.427836 -0.887314
2.003647 0.790385
9.282430 0.278304
4.895764 -1.171682
2.284293 0.746879
9.013387 0.584395
4.886009 -0.976939
0.519227 0.471918
6.619423 0.200347
3.432070 -0.088304
2.961722 0.358888
0.227723 0.213885
4.866621 -1.147739
4.371573 -0.904954
7.797031 0.924495
8.722279 0.663463
4.759219 -1.094003
0.605004 0.465403
6.324891 0.050408
8.000845 1.052572
3.936568 -0.603372
1.173331 1.036144
5.785864 -0.285520
6.404562 0.182208
6.297418 -0.170991
6.768251 0.342224
6.265862 0.182466
6.267804 -0.024797
7.795980 0.888238
4.900194 -0.944999
1.885404 0.850848
10.179445 -0.566302
6.653222 0.372479
0.589167 0.668430
9.449414 -0.011646
10.385513 -0.940320
12.410853 -0.175323
7.845072 0.879773
9.773766 -0.386211
12.249989 -0.433383
6.139439 0.009008
6.970210 0.519969
2.403653 0.652605
9.872760 -0.403611
8.616364 0.543264
6.431494 0.292986
12.040431 -0.359281
5.069652 -1.004460
11.256903 -0.942890
11.794332 -0.715719
2.116415 0.970640
11.292462 -0.983020
2.796691 0.403128
7.547707 0.975617
6.817330 0.668392
6.902979 0.519219
2.006534 0.853282
10.960227 -1.133338
2.332752 0.836609
9.052830 0.464266
10.887912 -1.128729
9.723404 -0.408451
3.172379 0.127973
10.454430 -0.778240
7.025983 0.863732
2.336452 0.818174
6.771349 0.339824
7.608787 1.073708
0.127465 -0.013624
6.667523 0.459770
1.779835 1.036342
4.170212 -0.869452
8.242493 0.988828
3.833961 -0.668103
0.817374 0.587788
7.809098 1.177742
6.107885 -0.260923
7.754167 1.002639
5.251225 -0.848661
9.855962 -0.533709
8.229969 0.786057
2.489660 0.596264
3.927498 -0.565822
2.773802 0.362217
6.576280 0.304587
9.585889 -0.300372
6.139239 -0.106282
10.809234 -0.822110
9.423360 0.045573
4.314368 -0.920813
4.535089 -1.116324
8.407063 0.679284
0.520956 0.463576
9.181885 0.162232
7.145170 0.576192
1.436793 1.126544
6.959577 0.659201
5.352128 -0.796999
4.223235 -1.037960
3.700361 -0.554037
10.451030 -0.759291
1.122336 0.930991
5.017231 -0.915728
5.245468 -1.045547
5.641007 -0.696961
7.021223 0.793724
4.628842 -0.964860
4.571749 -0.873293
2.037742 1.076996
2.278045 0.803094
2.582250 0.521354
11.180325 -1.010120
5.429188 -0.646923
1.822709 1.158911
3.134689 -0.073350
3.375038 -0.039331
12.129644 -0.357306
10.405006 -0.969056


10.320519 -0.803127
4.357445 -1.106073
7.341599 0.768991
1.583679 0.916952
3.141933 -0.091388
3.880458 -0.768377
2.871606 0.161060
6.023037 -0.427242
7.797785 0.940408
3.295824 -0.176707
12.087791 -0.579465
7.590779 0.915052
3.239743 -0.238189
7.773274 0.983711
7.352365 0.740492
9.406094 -0.001730
10.782246 -1.016357
5.150056 -1.029755
3.162970 -0.066199
8.701448 0.565499
11.683921 -0.792398
9.998833 -0.636035
3.139749 -0.040853
9.302974 -0.032843
11.432148 -1.046508
4.287531 -1.086200
6.741443 0.367236
2.837602 0.223062
1.385771 0.895473
7.725871 0.849975
4.315938 -1.012329
7.331611 0.749068
4.084798 -0.902547
5.805839 -0.611394
5.414704 -0.799145
9.031884 0.273516
11.351324 -1.016234
5.016996 -0.970296
5.460278 -0.825355
6.426450 0.069518
10.650650 -0.987700
5.600326 -0.757461
9.237382 0.016570
10.381220 -0.881055
2.286691 0.710200
11.838863 -0.688457
8.363573 0.747217
5.645701 -0.669553
2.227971 0.685415
0.025398 -0.001074
11.103492 -1.057046
3.177845 -0.087529
8.204186 0.767760
2.404267 0.583958
9.576432 -0.327483
3.146457 -0.054613
6.633720 0.298348
7.047360 0.654017
8.665600 0.522400
10.116656 -0.692989
0.822863 0.622374
2.613212 0.481252
10.598860 -1.019068
11.918515 -0.619586
12.523693 -0.131147
3.710251 -0.620522
4.937659 -1.109908
11.795338 -0.857511
7.524492 0.902405
11.218490 -1.007075
1.973867 0.846340
0.382229 0.352991
6.234372 -0.058292
1.783888 0.789335
8.687842 0.578307
8.432877 0.709653
10.480695 -0.887025
6.720080 0.307232
6.045526 -0.383017
7.567190 0.941159
2.826032 0.221892
11.907797 -0.667252
10.531132 -0.974827
3.106975 -0.008090
6.498121 0.074367
3.820045 -0.680592
11.595223 -0.872114
2.332397 0.613820
5.180490 -1.019396
9.841457 -0.432204
8.127003 0.950939
6.719884 0.371311
9.111029 0.186896
9.243347 0.087270
5.537733 -0.779483
12.100546 -0.480785
11.853846 -0.843918
1.814714 0.850883
7.268649 0.723495
11.418443 -1.059506
0.169060 0.025249
6.815422 0.351407
2.031913 0.761977
5.284027 -0.903681
2.969118 0.171399
9.534239 -0.288960
0.498725 0.411400
9.691608 -0.310516
12.035326 -0.681351
9.789633 -0.414005
4.648431 -1.075915
9.011421 0.292836
3.956786 -0.828256
3.624919 -0.480509
2.916786 0.196320
5.842553 -0.482712
2.593139 0.479724
5.055231 -0.989842
10.964084 -1.017186
4.330377 -0.978185
11.849060 -0.808371
2.173607 0.779747
11.414075 -1.062229
11.042104 -1.136031
12.341372 -0.394812
2.955430 0.098191
4.425585 -1.072803
3.787960 -0.697601
5.631641 -0.747183
10.908568 -1.024216
6.150170 -0.207659
0.225221 0.138049
9.240185 0.083259
5.943151 -0.361583
6.429045 0.019397
5.164217 -0.965294
3.791967 -0.658697
3.292672 -0.298306
4.552589 -1.037381
10.527148 -0.939355
8.829664 0.552888
1.238476 0.886781
0.664466 0.583738
0.174573 0.048381
7.035212 0.606502
5.067070 -0.983858
7.223426 0.766620
6.278784 -0.056057
5.792675 -0.486013
10.860628 -1.086490
6.774609 0.423297
11.717950 -0.795792
8.117300 0.827784
10.706382 -1.054762
0.059525 0.045151
10.178273 -0.711406
1.021905 0.695952
2.003647 0.790385
4.895764 -1.171682
2.284293 0.746879
0.519227 0.471918
6.619423 0.200347
0.227723 0.213885
4.866621 -1.147739
7.797031 0.924495
4.759219 -1.094003
0.605004 0.465403
6.297418 -0.170991
6.768251 0.342224
6.267804 -0.024797
7.795980 0.888238
1.885404 0.850848
12.410853 -0.175323
7.845072 0.879773
9.773766 -0.386211
12.249989 -0.433383
6.970210 0.519969
2.403653 0.652605
8.616364 0.543264
5.069652 -1.004460
11.794332 -0.715719
11.292462 -0.983020
6.902979 0.519219
2.006534 0.853282
9.723404 -0.408451
6.771349 0.339824
4.170212 -0.869452
3.833961 -0.668103
0.817374 0.587788
6.107885 -0.260923
9.855962 -0.533709
8.229969 0.786057
2.489660 0.596264
9.585889 -0.300372
4.535089 -1.116324
8.407063 0.679284
0.520956 0.463576
9.181885 0.162232
4.223235 -1.037960
3.700361 -0.554037
5.641007 -0.696961
2.582250 0.521354
11.180325 -1.010120
3.134689 -0.073350


3.780680 -0.444677
6.028079 -0.184841
2.484804 0.751979
5.735832 -0.345420
7.965491 1.103636
2.531865 0.659508
3.644652 -0.474100
4.576503 -0.985759
4.928694 -0.880386
5.284021 -0.681778
4.926081 -0.926259
8.809763 0.685972
5.339920 -0.776372
6.379152 0.187296
3.414821 -0.125910
4.351239 -0.836678
2.415627 0.785486
6.286122 0.114885
0.070248 0.153743
0.703151 0.812143
3.416245 -0.255353
10.509665 -0.718255
6.962087 0.699779
10.871221 -0.891569
9.856122 -0.350117
7.485735 0.995735
12.106444 -0.300022
10.651204 -0.929920
7.789585 1.095473
11.255693 -0.836849
8.984382 0.480217
7.550047 1.074498
11.758804 -0.653890
7.541864 0.989913
10.225475 -0.678242
3.840270 -0.551630
3.068398 0.226660
6.378571 0.099349
11.161930 -0.928140
11.278555 -0.771599
9.982658 -0.441375
12.254741 -0.276739
12.257036 -0.217666
7.348169 1.029166
3.133879 0.157140
2.946731 0.211592
0.360542 0.511597
3.688293 -0.514439
0.382953 0.428971
11.520848 -0.848865
0.356716 0.378616
1.599729 1.070590
5.225609 -0.753261
6.481091 0.277957
8.969596 0.579668
8.592054 0.885904
4.382155 -0.874528
11.566354 -0.750611
0.359931 0.546228
7.279416 0.976203
11.905071 -0.581873
5.887333 -0.245840
3.134741 0.178982
9.639075 -0.034801
3.969334 -0.611275
8.466577 0.935048
1.539988 1.085386
1.769561 1.063559
7.004105 0.741243
5.627475 -0.608120
0.156839 0.192295
11.789898 -0.623247
10.771655 -0.944644
0.503356 0.648010
8.196175 0.968461
11.970494 -0.546717
11.661623 -0.746988
9.427273 0.031045
2.424338 0.674301
4.486016 -0.971903
11.299374 -0.828742
11.154158 -0.873328
2.505674 0.652607
5.754469 -0.407150
8.642949 0.854981
10.017862 -0.502761
7.761290 1.063442
9.927592 -0.479757
7.254320 0.913715
0.291200 0.407630
3.865511 -0.607862
8.323257 0.993615
9.664695 -0.177901
9.085681 0.355810
0.924492 0.888687
12.185293 -0.276913
6.706407 0.513644
11.374275 -0.912708
1.859944 0.968916
9.406238 0.127585
2.047442 1.060128
3.413091 -0.115559
3.096138 0.230505
5.438289 -0.737618
5.719755 -0.448820
7.019459 0.806077
2.592027 0.537319
4.472787 -0.869877
1.019858 0.936612
4.418535 -0.898058
8.808853 0.705710
4.605451 -0.931548
5.994748 -0.268743
0.562315 0.636275
9.721856 -0.221677
0.011319 0.078789
4.043221 -0.651749
7.772688 1.080683
2.143010 0.855541
8.179374 1.047993
6.444436 0.215001
12.374905 -0.140645
12.234220 -0.242318
1.945617 1.066038
9.212293 0.252678
2.793059 0.430993
5.065427 -0.853021
4.805618 -0.923732
2.133056 0.858507
4.948479 -0.940095
8.677579 0.811861
10.576287 -0.889169
6.346433 0.166174
1.581769 1.010486
3.144563 0.107506
9.534314 0.023541
11.177341 -0.807305
9.330689 0.204550
0.874274 0.902853
4.935703 -0.881526
5.378214 -0.712227
12.004553 -0.382577
9.636549 -0.144356
9.054455 0.390170
6.145653 0.011560
11.214707 -0.923902
10.870072 -0.948892
6.074732 -0.089603
3.267994 -0.063668
11.015172 -0.877608
6.616173 0.462507
4.304958 -0.809500
11.427836 -0.887314
9.282430 0.278304
4.886009 -0.976939
3.432070 -0.088304
2.961722 0.358888
4.371573 -0.904954
8.722279 0.663463
6.324891 0.050408
8.000845 1.052572
3.936568 -0.603372
5.785864 -0.285520
6.404562 0.182208
4.900194 -0.944999
10.179445 -0.566302
6.653222 0.372479
0.589167 0.668430
9.449414 -0.011646
9.872760 -0.403611
6.431494 0.292986
12.040431 -0.359281
11.256903 -0.942890
2.116415 0.970640
2.796691 0.403128
7.547707 0.975617
6.817330 0.668392
2.332752 0.836609
9.052830 0.464266
3.172379 0.127973
10.454430 -0.778240
7.025983 0.863732
2.336452 0.818174
7.608787 1.073708
6.667523 0.459770
1.779835 1.036342
8.242493 0.988828
7.754167 1.002639
5.251225 -0.848661
3.927498 -0.565822
2.773802 0.362217
6.576280 0.304587
6.139239 -0.106282
10.809234 -0.822110
9.423360 0.045573
4.314368 -0.920813
6.959577 0.659201
5.352128 -0.796999
10.451030 -0.759291
1.122336 0.930991
5.017231 -0.915728
7.021223 0.793724
4.628842 -0.964860
2.278045 0.803094
5.429188 -0.646923
3.375038 -0.039331
12.129644 -0.357306


12.064310 0.076947
5.447988 0.571704
4.533502 0.105421
0.134099 0.638936
4.239710 0.226203
3.898505 0.820955
5.050434 0.781002
10.912660 0.587052
3.447580 -0.237512
5.390761 0.877047
11.455686 -0.020326
0.039347 0.439512
12.370291 -0.043579
10.684914 0.112598
11.007460 0.083252
9.429136 0.423850
1.750402 0.923516
6.173579 0.587449
0.534236 0.571846
3.167345 0.359363
6.324665 0.085587
11.081923 0.952086
4.513511 -0.152265
3.848124 0.145924
0.062316 0.649225
9.889052 0.903288
1.019984 0.785159
10.043538 -0.315165
5.539599 0.594316
6.032976 0.552896
10.873560 -0.715416
0.053295 0.435504
6.315283 0.741728
2.645328 0.746687
0.050888 0.533632
11.896548 0.414040
5.147610 0.001689
4.132694 0.866980
5.367212 0.373775
5.229261 0.584283
11.593843 -0.534360
10.061196 0.162466
2.897086 0.572100
11.454848 -0.484981
0.568783 0.912090
11.569913 -0.328221
5.895587 0.901123
3.101200 0.621664
6.883138 0.666926
2.795698 0.587631
6.050580 -0.130464
4.132300 -0.829058
9.213926 0.951971
2.794711 0.645196
10.983477 -0.899488
2.795880 0.963323
10.457487 -0.511065
4.448012 0.733540
5.486059 0.543868
9.549483 -0.040938
4.244360 0.263334
3.094597 0.289819
6.446509 0.847745
5.747234 0.931996
9.791238 0.029675
10.993933 0.139875
6.043282 0.652872
3.794774 0.223517
4.267165 -0.323138
0.378113 0.663549
6.205719 0.547307
3.781505 -0.549677
4.999269 -0.424547
5.082278 -0.213920
11.323486 -0.267083
5.371228 -0.297172
5.240996 -0.236318
9.436467 0.634147
4.414352 0.499613
9.203715 0.503743
8.330972 0.997527
3.304621 0.051855
4.854541 0.802785
11.739470 -0.027455
4.869949 0.378738
4.178115 0.899101
4.380788 0.442077
5.237318 -0.794346
11.657860 0.765367
9.559235 0.813681
12.188583 0.078215
3.942890 0.156900
12.271755 -0.297528
4.074337 -0.819551
11.190689 -0.580251
4.449769 -0.372244
9.538925 0.948329
6.483909 0.924884
3.705135 0.385772
4.404266 0.809267
12.527892 -0.317658
4.508388 -0.136256
11.084268 -0.652229
5.221903 0.663569
11.909961 -0.302132
5.604078 0.448575
4.954481 -0.080114
11.379117 0.123218
4.335198 -0.538764
3.414951 0.546763
11.443482 -0.226711
3.820253 0.793027
5.205659 -0.043532
10.270583 0.213751
4.093780 -0.672069
11.468794 -0.380803
4.119285 -0.383998
11.592012 0.969471
3.583814 -0.362498
2.541561 0.702298
5.665022 -0.028071
3.129531 0.846158
6.645756 0.768621
5.181692 0.432716
10.349473 -0.420614
3.814872 -0.501477
12.444048 0.790141
4.486476 0.537387
9.350872 0.041788
12.282028 -0.345366
12.305585 0.417592
10.117797 0.531944
10.689961 -0.309762
4.242466 0.798044
4.876230 -0.155066
11.419021 0.876558
12.321271 0.660954
3.283516 0.850868
6.368656 0.576511
11.196959 0.738566
3.984013 0.647263
12.544995 0.576659
4.472111 0.617395
10.150078 0.873340
4.323835 -0.134634
2.390179 0.794598
10.485037 -0.301400
4.172369 0.509463
11.397744 -0.597879
4.244739 -0.875264
5.397522 0.873563
10.397941 -0.037160
5.140843 -0.381240
10.576069 -0.571444
5.813343 -0.405817
6.126949 0.291737
10.726747 0.119179
5.868510 0.369891
9.651768 0.088807
11.811940 0.268329
4.458393 -0.574187
10.975395 0.061754
5.110136 -0.008349
3.908044 0.110963
5.713946 -0.216589
5.965674 0.989148
12.186510 0.862542
9.507056 0.483985
8.325252 0.890637
11.320454 -0.774729
8.378238 0.867265
11.118326 0.059683
4.663971 -0.085139
3.775517 0.045426
8.257245 0.946279
10.164884 0.150475
6.003521 0.035243
3.757812 -0.099180
2.810494 0.735394
11.749427 0.022035
9.851708 -0.093246
10.104412 0.276024
4.502031 -0.030723
12.273589 0.111401
11.264516 0.895375
9.560935 0.061295
11.642348 0.969475
9.684801 0.946176
12.217418 0.581582
5.013876 -0.689735
10.922673 0.075427
5.294883 -0.308833
11.578536 0.465401
12.270256 0.836624
2.743547 0.938400
9.783936 -0.269028
10.185128 -0.370362
5.760345 0.515848
3.493468 0.689792
4.111758 0.307067
5.158179 0.932181
12.100963 0.290708
10.183302 0.082354
3.629265 -0.334602
5.750816 -0.037426
4.665298 -0.458289
4.245338 -0.090528
5.318466 -0.154124
11.299697 0.721729
5.700224 -0.285626
11.271233 -0.223917
4.914201 0.595170
10.769777 0.202090
5.093874 0.355165
3.622705 0.539782
2.621845 0.877615
12.272030 0.200047
6.047380 0.244113
5.377609 -0.492204
5.015020 0.897562
11.657660 -0.185848
11.233868 0.947959
5.077345 -0.549857
3.759175 -0.278845
5.038191 -0.605615
10.242242 -0.182613
11.416921 0.480618
2.625721 0.680366
10.763643 0.232245
9.402809 0.360173
3.457420 0.659318
3.697254 0.331772
3.937803 -0.401880
10.183068 -0.216932
3.413332 0.452720
0.043881 0.981188
4.760747 0.104892
3.430691 -0.078630
11.125512 -0.011465
9.599896 0.018970
11.319656 0.073194
6.865889 0.907838
12.019335 -0.460607
11.310494 -0.591254
10.365260 0.684459
4.629347 0.181107
10.840518 -0.826552
4.887705 0.416394
11.645338 -0.502429
11.267070 -0.142157
2.720289 0.966998
9.622041 0.011169
11.600334 -0.379560
10.410873 0.707384
3.417073 0.770944
9.708719 0.667549
10.863917 0.884023
0.487084 0.747755
3.079856 0.576226
10.905192 -0.327833
5.073471 -0.831610
0.711346 0.604205
10.701986 0.468728
4.861438 0.669032
8.915255 0.479675
4.572264 -0.876366
6.543973 0.932973
4.337983 -0.784610
5.175815 0.785135
4.309271 -0.324753
4.061512 0.472899
4.467468 0.257460
12.410648 -0.235350
10.435016 0.465158
11.645536 -0.518840
1.667434 0.930718
2.647853 0.596844
12.091048 0.003598
7.835335 0.991206
5.517386 -0.130505
5.988955 0.270885
5.298646 0.262103
2.426477 0.847795
11.848747 -0.605284
3.668038 -0.373111
9.561066 0.084250
4.338774 -0.378116
3.790427 0.261796
5.339013 0.130155
3.379813 0.918454
5.051157 0.533492
5.082642 0.568894
2.565461 0.684360
3.443587 0.140374
7.106137 0.811878
4.662709 -0.213837
12.347714 0.719360
5.668375 -0.021316
9.141990 0.311088
5.181878 0.762163
9.821686 -0.004405
3.267686 0.167968
5.794890 0.897074
4.384653 0.104411
11.467866 -0.091910
2.458089 0.703436
11.200819 -0.430932
5.079588 -0.843293
11.792597 -0.624878
3.413383 0.409623
3.655304 0.757634
12.119623 0.670218
4.558912 0.161380
4.629732 -0.099805
4.755902 -0.162743
5.801170 0.607404
11.478054 0.898284
5.895370 0.168976
11.024650 -0.900185
3.310616 0.835119
4.366247 0.395639
10.569349 0.857281
5.069272 -0.240233
11.681876 0.827002
11.093514 -0.078582
12.533114 0.955895
5.174552 0.416226
9.838278 0.345840
4.059049 0.228634
4.962149 0.225988
4.610940 0.437706
6.580271 0.847331
12.349023 0.349422
5.112175 0.217138
0.749276 0.834764
12.379604 -0.246753
3.721940 0.552729
3.150801 0.777457
5.452762 0.615281
10.594567 -0.022095
11.263209 -0.376075
11.498902 -0.063547
3.559184 0.359730
5.362923 -0.140811
11.840097 -0.537402
3.873367 -0.433700
4.065212 -0.415720
9.576022 0.155295
11.206255 0.269735
4.378884 0.519433
7.382195 0.986361
5.817032 -0.309861
11.923170 -0.071896
11.270351 -0.779515
11.209966 -0.828913
11.137444 -0.720844
3.542647 0.340411
4.086157 -0.411326
9.498693 0.593716
7.343404 0.986871
10.266368 -0.375574
2.969606 0.700740
3.330613 0.335201
3.172466 0.523413
5.243258 -0.279295
3.806078 -0.064486
10.114872 0.173317
11.375410 -0.409630
5.238457 0.137182
10.291014 0.243722
11.021085 0.761221
5.694893 -0.178466
8.716496 0.887525
10.937467 -0.123321
10.775199 0.131622
0.319857 0.461838
4.271730 -0.753454
4.686681 -0.463886
5.446212 0.106413
7.438413 0.963876
3.257558 0.143628
3.703706 -0.319532
4.813675 -0.659465
9.520685 0.210691
11.190809 0.754782
0.683956 0.601976
6.569507 0.359608
5.718047 0.375515
10.940229 -0.149119
3.805241 0.334524
2.998624 0.829381
11.905676 -0.609322
12.261711 0.649780
11.627823 0.682020
9.692189 0.097409
10.467804 0.400220
4.904364 -0.099124
5.741846 0.285170
11.922587 -0.260926
7.048955 0.924480
9.739973 -0.113567
4.383586 0.038880
5.280427 0.256343
4.905120 0.646620
3.066237 0.754646
6.631027 0.315584
9.178998 0.439501
9.437940 0.522196
4.676886 0.528374
8.991907 0.772377
4.019449 0.300058
10.664344 0.815623
6.352515 0.924449
3.294305 0.896615
3.457402 0.490119
11.746169 0.804086
11.853662 -0.176260
4.106579 -0.211671
9.475479 0.229046
5.386717 0.491199
10.850811 -0.644345
5.386778 -0.728851
0.157004 0.728684
0.206367 0.482719
1.066944 0.952517
2.564828 0.815997
6.277667 0.075882
6.849077 0.584022
3.640287 0.612938
3.177058 0.557737
11.659394 0.412435
10.675789 0.616537
5.222892 0.116098
4.822431 -0.802931
1.014613 0.888707
6.061911 0.989333
12.257753 -0.279018
11.953248 0.531840
10.535113 -0.238999
6.023146 -0.016376
9.402926 0.096916
11.469348 -0.023566
10.796126 0.861923
10.297846 0.023804
9.593039 0.870302
10.983693 0.439327
5.258505 0.187588
11.965644 0.711600
9.612656 0.624302
5.573927 -0.435992
5.141514 -0.099830
4.206622 -0.737274
10.811190 0.155732
6.067263 -0.107928
2.232596 0.872879
4.214546 -0.840226
8.787118 0.913967
3.403092 0.991626
11.174768 0.755870
0.974060 0.931199
11.532565 0.814997
10.834865 0.150380
11.493427 0.855549
10.554537 0.554805
9.394796 0.731581
4.158096 0.002390
0.418363 0.803226
10.501452 -0.769999
9.657439 0.898985
3.251504 0.433450
10.281222 0.181064
9.650229 0.511954
4.929496 -0.610419
10.443524 0.446098
6.343633 0.012106
10.474421 -0.270852
4.173982 0.856947
11.933639 0.566301
4.654191 -0.958578
6.076774 0.789647
4.609080 0.990708
9.398077 0.731202
11.273189 0.069540
2.537440 0.786592
4.803854 -0.922338
12.338811 -0.289117
10.004296 0.438086
3.614438 0.108763
2.446496 0.998504
0.624104 0.684172
10.691488 -0.295214
5.758594 -0.033689
4.458328 0.230343
10.552839 -0.474693
0.239453 0.796439
3.146857 0.816745
10.982944 0.668821
5.916317 0.519760
9.311903 0.339032
8.814022 0.839399
3.009179 0.354509
3.301007 0.057793
9.739729 0.074154
0.763377 0.748429
5.950279 0.315862
4.626019 0.006795
9.833262 0.246258
5.025043 -0.740490
4.171530 -0.737336
12.366767 0.474428
0.198858 0.783746
2.211376 0.890674


7.473872 -0.245970
2.255006 -0.024302
3.067508 -0.573083
7.257390 -0.181194
0.035702 -0.216241
2.086229 -0.214539
0.899973 -0.393987
1.800492 0.754752
1.013910 -0.998856
5.907455 -0.576381
7.590923 -0.589893
8.930183 -0.927279
1.055929 -0.639413
12.197596 -0.805430
6.278996 -0.101010
8.303882 0.571111
2.285865 -0.754220
7.610362 -0.028570
1.459618 0.512235
6.623667 -0.584318
2.307711 0.753749
7.011642 0.209641
3.192644 -0.201740
6.660252 0.091379
3.507913 -0.618474
7.532360 0.109751
2.042292 -0.335906
9.048883 -0.587956
8.378419 0.193722
12.557954 -0.614800
12.383444 -0.854867
8.075938 -0.521600
7.338904 -0.871221
0.683345 -0.588333
7.488478 0.587663
7.093322 -0.519803
2.680872 -0.900969
6.821444 0.382600
8.778798 -0.978514
8.215350 -0.465592
8.711315 0.266236
3.195531 -0.496779
10.267343 -0.710116
9.598814 -0.298214
1.228721 -0.716537
2.563088 -0.215030
8.139033 -0.307717
2.284860 0.137371
6.568069 -0.235150
7.208489 -0.457639
7.361546 0.643781
7.170929 -0.284312
8.071011 0.691919
7.052861 -0.211498
3.051411 -0.734169
8.054231 0.307802
0.029779 -0.554062
8.380711 0.680867
0.668062 0.102300
1.814425 -0.906372
1.740655 -0.905456
9.135120 -0.207434
7.535983 -0.874350
2.076735 -0.441560
8.008075 0.935395
2.823292 -0.772664
8.814205 0.099308
1.087522 -0.404837
6.823234 -0.832266
8.662148 0.634790
0.607124 0.080151
7.331704 -0.812559
8.317838 0.105035
1.344949 -0.057320
0.422234 -0.443632
7.468443 -0.377829
8.708551 -0.397119
1.621715 -0.729603
8.081274 0.740128
7.781509 0.263928
1.717353 0.891848
6.747872 0.273255
12.515972 -0.402307
1.938868 -0.015331
0.747871 -0.329096
9.003737 0.061547
8.024423 -0.276299
10.002356 -0.813278
7.974639 -0.163368
1.249122 0.377172
8.832626 -0.368723
0.756922 0.098094
2.940403 0.083176
7.161214 0.179516
0.937123 0.538282
6.630086 -0.420340
2.139036 0.486529
2.344442 -0.992721
10.029097 -0.620976
0.040156 0.190847
7.357271 -0.265421
8.479384 0.698548
6.565838 -0.485504
7.258676 -0.582712
0.696253 -0.273477
7.649015 -0.948245
6.288923 -0.179805
8.697012 -0.605698
2.011564 -0.518355
0.930991 -0.824027
5.644235 -0.717907
6.653816 0.218363
7.579786 -0.871423
0.689197 0.563509
1.121188 -0.723584
6.338484 -0.972624
0.907622 0.575563
1.436988 -0.987909
1.315982 0.437062
5.750265 -0.966556
2.830428 -0.393321
6.135926 -0.448166
0.801308 -0.636666
0.506303 -0.094258
2.955334 -0.084524
2.036448 -0.899185
1.970595 -0.855805
9.953632 -0.724720
0.511911 -0.765010
3.216295 0.000188
8.293361 0.188473
1.111061 -0.804078
3.485726 -0.784574
7.962143 0.192426
3.091032 -0.229442
8.295267 0.039424
7.491919 -0.371451
2.255948 0.278454
7.124321 0.616240
9.285567 0.045761
1.168515 -0.528275
7.987354 -0.832503
1.327330 -0.492619
8.918906 -0.835265
7.809284 0.915361
7.201787 0.475350
8.015263 -0.984652
2.417995 -0.924617
0.319886 -0.634361
1.215572 -0.463737
6.754131 0.229431
8.705864 -0.559872
7.396832 -0.529644
6.863823 0.286191
5.267213 -0.948694
1.567011 0.483755
0.894862 0.406390
6.484394 -0.687802
7.483633 -0.234007
1.998440 -0.653159
7.705322 -0.953605
6.673326 -0.610696
1.830774 0.544290
9.023874 -0.392283
2.665228 -0.908295
2.962279 -0.503823
6.855713 -0.662854
1.357576 0.807071
1.159165 0.176411
2.795916 -0.613472
8.140026 -0.825564
1.356096 -0.606855
1.359092 0.410938
0.779070 0.518971
7.873276 0.877231
8.004156 0.842577
7.495274 -0.065069
11.915969 -0.712832
2.617892 -0.473667
1.278956 0.751731
7.685987 0.378267
1.912721 0.304735
8.766157 -0.712378
9.532724 -0.257076
1.828229 -0.437632
12.304789 -0.550031
7.756902 -0.702241
2.825422 -0.571439
2.197849 -0.690381
7.995818 0.448971
8.643935 -0.492284
7.628619 -0.710608
8.559467 -0.531907
1.388653 -0.310488
3.169844 -0.485387
8.831944 0.121674
7.332814 0.390574
2.440524 0.078437
8.061557 0.685503
0.342127 -0.963504
7.551673 -0.971849
0.947938 -0.447901
0.799167 -0.031428
7.132732 0.225638
7.086146 -0.867157
3.402957 -0.894382
8.387954 -0.857346
7.626781 0.268651
1.923598 0.557458
2.319968 0.015094
8.715037 -0.556425
7.249472 0.300845
7.563672 0.653656
1.185956 -0.347177
9.116163 -0.635173
5.923604 -0.394487
1.327161 -0.971382
2.510110 0.644232
6.935118 0.125468
1.607584 0.850909
8.450302 0.677928
8.409182 -0.077001
3.289465 -0.076575
2.649813 -0.732698
3.502338 -0.478699
8.734014 0.387229
8.309026 0.596177
0.094310 -0.200972
7.468123 0.476105
5.779640 -0.770323
1.918505 -0.294549
9.897766 -0.383599
3.003236 -0.739841
0.033972 -0.613264
1.641767 0.076685
1.171237 -0.229355
5.750878 -0.608203
0.490191 0.395843
1.245011 0.668848
7.412176 0.793178
1.081142 0.557114
9.841969 -0.559817
0.555065 -0.142099
0.957704 -0.280182
6.074985 -0.285628
8.211139 0.242096
5.986561 -0.455772
8.777786 -0.318433
9.444963 -0.634091
2.913582 -0.117523
8.053904 0.649721
7.029559 -0.572846
8.281072 0.049241
12.477864 -0.559688
7.711538 -0.109638
6.781034 0.328019
1.861659 0.366780
0.943831 -0.611867
12.288528 -0.472632
0.674583 -0.398274
0.643953 -0.548007
2.254334 -0.599199
2.548341 0.119952
0.096639 -0.273639
9.808161 -0.648088
9.518888 -0.170600
9.648804 -0.373390
8.936432 0.203783
7.103204 -0.263195
8.955673 -0.481595
8.528076 0.224278
8.733071 0.523309
1.858637 -0.088564
6.679949 -0.565150
2.373538 0.277820
5.567285 -0.699473
3.155471 -0.571208
1.861654 0.514102
2.711658 -0.805995
8.253824 -0.566840
0.967003 0.409702
1.450985 -0.941275
2.712568 -0.573186
6.865424 -0.169559
8.438367 0.317705
6.352600 -0.190310
8.712757 -0.491943
7.150167 0.109225
2.659693 -0.325084
6.959055 -0.594041
2.023105 -0.412700
7.554693 0.817164
3.044098 -0.590309
2.055403 0.801960
8.269573 -0.355744
0.892641 0.629776
8.212819 -0.195265
6.959022 0.566311
12.409276 -0.548911
7.684667 0.709905
0.798816 -0.826040
12.554960 -0.550629
0.790901 -0.884912
12.433306 -0.948480
2.307460 -0.408715
2.349021 -0.865826
1.499343 0.757159
6.992824 -0.152154
7.043699 -0.423782
5.900633 -0.862733
1.478183 -0.049662
3.161443 -0.531763
1.607565 -0.278648
9.342140 -0.770676
9.218611 -0.357863
2.660530 -0.083821
7.399406 -0.347272
1.483934 -0.694727
0.893868 -0.535809
7.936669 -0.279233
1.134899 -0.682632
7.761323 -0.026532
8.839751 0.144620
2.323554 -0.215751
7.955216 -0.937644
8.673502 0.132327
2.824024 -0.455336
10.528403 -0.850211
0.750324 -0.538209
9.481563 -0.723112
6.220214 -0.879809
8.639036 -0.862513
8.670376 0.081720
7.079593 -0.141429
7.306154 -0.895948
10.243927 -0.881086
9.848706 -0.610463
9.293773 -0.044380
6.856537 -0.887469
7.147936 -0.577435
10.341249 -0.722217
6.962647 0.348754
8.324218 0.631985
10.252312 -0.700920
0.620757 -0.696503
6.829457 -0.461638
7.785710 0.769871
0.901487 -0.323941
6.020631 -0.887749
0.352699 0.177373
1.397886 -0.412150
3.635693 -0.999606
1.248882 -0.462511
8.874923 -0.890433
9.905344 -0.787299
1.758986 0.679360
2.365143 -0.707427
9.866991 -0.875631
8.890581 0.276191
9.142689 -0.406983
1.338816 -0.195226
6.646634 -0.648855
2.100044 -0.356345
0.104321 -0.508764
7.829562 -0.481344
8.401365 0.010266
8.808191 -0.177382
0.119360 -0.982298
0.986644 0.304388
2.258824 -0.008652
1.890619 -0.084894
2.240224 -0.454387
9.311099 -0.157522
6.516713 -0.236037
8.642483 -0.169081
6.052654 -0.837737
0.199900 -0.951645
2.032080 -0.470228
7.689311 -0.903624
2.329867 -0.495554
7.594111 0.442529
9.801037 -0.737261
0.508406 0.120321
6.846073 -0.537223
8.782678 -0.225060
8.338460 -0.704207
2.376147 0.226992
7.705475 -0.226813
8.825797 -0.337746
3.746064 -0.652062
9.859488 -0.423342
7.358004 -0.348955
7.666821 -0.805876
6.478779 0.090666
7.883361 -0.737603
12.216595 -0.942399
7.458194 0.332736
3.945417 -0.918268
6.169996 -0.546064
2.164228 -0.173402
9.521726 -0.891814
2.657174 -0.060313
2.347113 0.551306
7.559984 -0.723529
0.574125 -0.766330
12.509192 -0.701061
3.265804 -0.402060
11.278389 -0.940302
2.286675 -0.127080
11.872704 -0.911380
9.673498 -0.957067
8.630996 0.504548
1.077894 0.402054
6.981799 -0.596516
8.886417 0.327530
9.022982 -0.433739
8.577472 0.166824
1.156576 -0.432001
9.809937 -0.815758
12.237266 -0.896498
7.150580 0.614524
6.584936 0.072357
1.672397 0.544497
1.538190 -0.115841
6.803836 -0.896491
1.376600 0.483431
8.710263 -0.616516
2.643380 -0.558397
5.324391 -0.863219
11.260435 -0.982425
5.986784 -0.675566
7.555482 0.119125
9.423307 -0.329478
0.180462 -0.738627
2.203257 -0.162329
2.596214 0.497081
8.509916 0.357408
8.861411 0.017890
2.221423 0.390380
10.063600 -0.741509
1.620885 -0.137800
0.818977 -0.692486
2.493559 -0.816717
12.387374 -0.678928
7.707033 -0.593546
8.914008 -0.545247
2.526609 0.214612
8.907705 0.413044
0.397618 -0.398799
9.010730 -0.089006
1.871992 -0.699561
0.323087 0.236012
8.643376 0.118746
8.616351 -0.068395
2.874728 -0.438764
0.293871 0.185961
8.161277 0.211671
2.471227 0.310686
5.918060 -0.912935
0.255171 0.277105
2.268459 0.073222
0.506316 -0.096607
7.932731 -0.746061
0.476292 0.425029
8.922496 -0.945638
9.687416 -0.997263
9.166753 -0.037555
2.892705 0.127076
8.735596 -0.481858
3.078242 -0.359529
8.837722 0.069558
0.936744 0.088613
8.602896 0.109932
10.239150 -0.713394
8.473186 -0.943589
7.130569 0.638745
8.682525 -0.109551
2.909698 0.132337
12.526740 -0.873354
7.274563 -0.557951
1.987997 -0.259349
6.992105 -0.508944
7.578423 0.316228
2.570575 0.249491
1.739161 0.310238
6.685265 -0.151873
1.981955 -0.934379
1.733542 0.490794
