10.498700 -0.558877
9.061585 0.548641
6.588864 0.434954
2.338811 0.347317
7.767258 0.627523
5.207108 -0.587903
7.256876 0.433738
5.968866 -0.376516
11.773717 -0.855404
5.629170 -0.352549
11.106749 -0.820268
8.009591 1.022025
4.870648 -1.283773
2.375156 0.304244
2.844157 0.491448
4.751341 -1.404804
3.300099 -0.352147
6.300646 -0.414338
12.457741 0.291843
5.984598 -0.418407
5.565930 -0.723479
0.628387 0.202989
0.551027 0.444914
3.841796 -0.471220
3.914920 -0.984839
0.688597 0.160086
4.806041 -1.102293
6.240011 -0.400531
9.366591 -0.294893
3.525429 -0.465647
4.113943 -1.138841
9.064465 0.014936
2.305838 0.382247
2.993295 0.160170
0.899279 0.614693
3.791047 -0.800336
4.309336 -1.306678
9.711022 -0.417444
0.832230 0.747212
2.013047 0.755741
6.316273 0.344821
12.282287 -0.452680
2.787937 0.082181
7.836613 0.616601
4.670730 -1.418161
8.700815 0.732229
12.111838 -0.197709
5.637528 -0.474001
8.144901 1.118816
6.958957 0.384568
8.064295 1.470214
4.460473 -1.449382
9.342250 0.174309
10.694281 -1.358636
12.358362 -0.296037
5.683044 -1.000479
3.923294 -0.286853
11.885153 -0.771684
10.675889 -0.483314
9.662095 0.007812
12.369199 -0.132121
10.344773 -0.554346
0.086912 -0.026166
9.034196 0.419208
2.480807 0.583533
6.458766 0.431006
12.192749 0.047439
11.425723 -1.294228
1.302337 0.654077
7.787563 1.192342
7.761708 1.182447
7.541045 0.853127
6.841489 0.427984
8.450979 0.365803
7.639756 0.917209
9.078552 0.022432
8.901809 0.801507
6.654997 0.619971
7.975642 0.684123
8.442277 0.950231
2.447487 1.066870
10.621939 -1.158227
12.293364 -0.769063
4.237640 -1.225096
9.715421 -0.426233
3.385955 -0.242826
3.498658 0.005554
1.410454 0.867298
9.006494 0.843408
11.829928 -0.944779
6.976479 1.009579
6.815346 0.214258
9.124931 0.013098
1.425775 0.538617
5.318445 -1.159351
10.717377 -1.433726
11.514967 -0.979501
7.337592 0.702107
9.610976 -0.210982
7.071085 1.205429
7.505482 0.665745
6.109504 -0.127494
10.424197 -0.432773
2.158309 0.367208
2.329189 0.549214
6.010222 -0.372745
9.713592 -0.346141
9.774735 0.010422
0.282278 0.514232
1.778235 0.995599
10.138512 -0.970332
2.677855 0.388535
2.584572 0.055133
9.585659 -0.219590
2.786013 0.196056
4.467426 -0.578930
5.449483 -0.462717
9.230841 0.026091
4.655583 -0.820523
0.730204 0.915639
9.284631 0.291705
12.162603 -0.134321
3.613093 -0.092822
5.327404 -0.573962
6.164940 -0.471625
11.444146 -0.869659
6.749657 0.201502
3.596442 -0.323808
9.322093 -0.198254
8.404843 1.181887
7.915779 1.197328
2.794012 0.157453
11.715416 -1.078842
7.405077 0.939826
4.587674 -1.276431
5.592395 -0.876692
3.863094 -0.652406
9.113360 0.155205
5.985188 -0.271488
7.327226 0.507906
2.351340 0.882026
1.196042 0.647932
6.539185 0.502020
8.398973 0.898578
3.794693 -0.833635
8.078729 1.423348
0.585766 0.655044
11.898029 -1.084500
0.980877 0.628028
10.189002 -1.186476
2.553499 0.466720
12.491739 0.061082
1.900843 0.550197
12.093015 -0.225860
10.696549 -0.574623
3.876384 -0.467989
3.076667 -0.160870
2.480683 0.812993
5.684875 -0.801433
9.444965 -0.163779
9.599426 0.071432
1.497666 1.239551
0.500068 0.797342
5.755677 -0.802404
12.103199 -0.222163
11.563938 -1.221643
9.730289 -0.299503
10.465345 -0.962672
10.316096 -0.451726
2.701359 0.628129
7.514730 0.859077
1.974808 1.063009
12.410376 -0.318777
7.661507 0.589109
8.693546 1.041783
6.734815 0.102321
9.864041 -0.646539
6.100621 -0.319222
7.342584 0.823927
2.004436 1.063060
0.275180 0.726340
4.708315 -0.966797
2.662838 0.433686
8.605964 0.398507
9.497965 0.104613
3.469021 0.124095
6.961886 0.965964
10.486856 -0.954287
3.958244 -1.101927
5.627294 -0.157042
12.372602 0.271215
8.660854 0.842872
8.556085 1.020548
12.558364 -0.107489
1.290627 1.438403
11.988815 -0.430556
5.951383 -0.718175
5.474991 -1.032726
8.458615 0.355531
0.085608 -0.105579
8.190072 0.760679
2.587624 0.498090
10.385813 -0.451372
6.295903 -0.355376
10.545773 -0.481087
6.696227 0.004931
1.482079 1.129331
4.767372 -0.647382
10.086354 -0.426696
12.215238 -0.152890
0.592091 0.541154
0.624834 0.465061
4.455411 -1.000303
2.180289 1.103585
2.405433 0.874697
2.062436 0.411876
4.620321 -0.967111
4.474601 -1.190203
12.112134 -0.319112
6.358421 -0.030529
5.407127 -0.897474
9.064484 0.198436
0.858603 1.088319
1.911942 0.524232
12.216491 -0.356633
7.930138 0.901191
1.041696 0.583514
10.068920 -0.142726
2.787688 -0.093149
0.222986 0.028437
2.460423 1.037551
5.123698 -0.648085
10.800437 -0.678345
4.743712 -1.378259
5.815795 -0.815386
11.996090 -0.359510
4.848083 -1.212614
10.986593 -1.122395
10.046252 -0.815588
12.113412 -0.679854
4.270572 -1.244100
12.242564 -0.274188
11.521480 -1.338594
6.562732 0.113449
12.112979 -0.044143
5.444911 -1.114674
1.187337 0.991459
3.960576 -0.729226
5.672859 -0.974088
5.869949 -0.018645
10.910267 -0.943512
1.068197 0.916301
10.540966 -0.400041
2.488065 0.867506
3.954176 -0.484591
2.023050 0.441343
4.624824 -0.990805
0.234824 0.395622
11.488340 -1.269694
3.473949 -0.448496
1.547378 0.943396
8.169049 0.851944
3.329919 -0.205459
10.396796 -0.708784
8.980652 0.155096
4.897281 -1.338023
10.142774 -0.696959
4.432471 -0.912652
11.319338 -0.953577
3.150514 0.134836
4.605781 -0.788998
7.389341 0.924344
11.177388 -0.820663
2.358662 0.628830
0.062264 0.496082
3.834802 -0.767725
6.554818 0.236022
9.409649 0.223774
3.793499 -0.447675
7.945598 1.280189
2.603154 0.045155
11.242803 -1.231248
9.800003 -0.160094
8.815719 0.872332
10.778016 -0.673714
7.074701 1.166714
12.295192 -0.483970
5.931574 -0.434913
0.785039 0.948293
8.343929 0.824772
6.949452 0.456894
10.715355 -0.852497
2.677946 -0.051215
11.299885 -0.604860
9.278857 -0.132634
5.595513 -0.694272
5.147135 -0.858236
5.510126 -0.413577
11.116957 -1.308629
8.154225 1.103246
12.338815 0.198894
3.143765 -0.353014
0.524789 0.043636
3.092902 0.455673
0.640398 0.321318
5.795909 -0.967055
9.827868 -0.188630
6.724722 0.004457
5.896121 -0.012268
11.135563 -1.179867
5.255905 -0.675301
3.426671 0.024448
4.324294 -0.599069
5.182405 -1.341186
2.250353 1.252957
6.306154 0.228684
11.858138 -0.747248
6.068757 -0.577112
7.435955 1.012815
4.178401 -0.902777
4.640023 -0.746264
3.203903 -0.449731
10.585394 -0.857529
4.329703 -0.661944
8.303084 1.256097
6.651653 0.254013
4.970923 -1.044760
8.408028 0.530940
9.906723 -0.578833
8.017595 0.705062
10.894869 -0.528730
5.744619 -0.419223
8.276979 0.926725
6.450369 -0.020729
3.357691 -0.196915
12.205712 -0.635056
1.091230 0.407243
4.974854 -0.651256
5.448565 -0.949715
8.408485 0.877846
12.423805 0.319094
10.184062 -0.498655
5.115927 -0.900600
1.543692 0.723903
4.649763 -1.407368
4.118122 -0.433581
6.254922 0.410137
10.351931 -0.936255
9.911536 -0.114631
12.369692 -0.007718
9.338430 0.268263
5.457771 -0.822062
3.931619 -1.001161
2.778998 0.706912
6.329610 0.083627
10.320170 -0.981528
8.835961 0.105429
6.847904 0.897018
0.197657 -0.059834
11.358315 -0.686546
10.648360 -1.060270
8.962662 0.108740
12.045839 -0.003804
3.042130 -0.004812
0.968275 1.179867
9.181963 0.507020
2.189797 0.932615
6.215746 0.323237
1.101924 0.493588
4.863266 -0.638217
0.775516 0.974192
1.262479 1.083566
3.941848 -0.607524
1.363177 1.209576
7.636530 0.706872
2.278928 0.894495
1.974864 0.697423
0.412889 0.870620
7.944934 1.009074
9.349795 -0.131797
4.430792 -1.198180
2.526355 0.289353
9.094256 0.769178
2.933372 0.705600
11.955442 -0.270901
4.790965 -0.603511
4.326481 -1.398438
6.831582 0.032911
6.587800 -0.004603
3.792792 -0.429596
9.804873 -0.723849
10.139663 -0.202170
1.193451 1.244855
7.578447 1.394205
7.204040 0.388503
1.038506 0.959890
10.830176 -0.715965
1.069738 0.919283
3.105677 -0.268421
5.473548 -0.268798
0.470245 0.798467
1.437656 0.742343
9.638260 -0.508157
3.881164 -0.576142
10.662285 -0.560502
12.485413 0.344920
11.629475 -1.162432
10.069335 -0.201572
8.217884 0.911672
1.453683 0.752521
11.692899 -0.507224
5.667212 -0.894295
11.035717 -0.799158
11.759930 -1.076291
10.773223 -0.696680
7.464665 1.200649
6.625223 0.097205
0.015005 -0.123844
7.031967 0.214919
9.131164 0.313081
10.105391 -1.118183
7.193149 1.003886
10.534100 -1.048899
8.755326 0.741971
9.435272 0.039574
7.211609 0.453599
3.122843 0.129435
7.999149 1.100765
10.343895 -0.403990
0.696387 0.895844
9.662915 -0.079417
0.014611 -0.428071
10.888244 -0.632426
1.656591 1.206505
1.333557 1.057591
8.015057 1.359597
9.053762 0.859358
3.512776 -0.677790
1.461435 1.220668
11.117622 -1.246912
8.802280 0.721892
6.208306 -0.214216
9.002914 0.336826
3.089078 0.191041
0.226729 0.416401
11.189089 -0.970815
5.741713 -0.144641
3.076193 0.054827
3.207534 0.002781
0.601334 0.554712
4.388755 -1.309348
12.108818 -0.333470
5.821932 0.021427
8.628566 0.625304
4.151306 -0.748250
1.825423 1.011386
8.862528 0.261007
3.252721 -0.505382
5.561521 -0.682741
1.000083 0.795484
2.831164 0.084811
8.151307 0.753673
4.408754 -1.388353
2.491746 0.882481
4.056877 -0.350144
10.437702 -0.833160
4.516537 -1.348735
7.913515 0.500954
11.575042 -1.055314
4.396180 -1.208773
10.060925 -0.223100
12.238813 -0.517062
4.571781 -0.619382
8.629113 1.184222
2.367146 0.568010
11.145348 -1.035419
8.453699 0.599174
0.033909 -0.007287
1.528544 1.000854
3.578766 -0.600045
6.785910 0.558791
2.972359 0.104484
4.246932 -0.647768
3.865189 -0.572895
10.455697 -1.041147
3.037021 -0.022453
8.567323 1.219376
10.776392 -0.511530
0.350576 0.368804
7.984139 0.823782
9.544423 -0.557122
7.862591 0.943934
11.089952 -0.770541
11.068887 -1.376114
10.291143 -0.467161
0.247227 0.660374
3.941211 -0.460550
0.756892 0.871985
11.174155 -0.784828
9.068930 0.365333


10.498700 -0.558877
5.207108 -0.587903
5.629170 -0.352549
11.106749 -0.820268
2.844157 0.491448
3.841796 -0.471220
2.993295 0.160170
0.832230 0.747212
6.316273 0.344821
5.637528 -0.474001
3.923294 -0.286853
10.344773 -0.554346
6.458766 0.431006
2.447487 1.066870
3.498658 0.005554
6.109504 -0.127494
0.282278 0.514232
1.778235 0.995599
4.467426 -0.578930
5.449483 -0.462717
4.655583 -0.820523
0.730204 0.915639
3.613093 -0.092822
5.327404 -0.573962
11.444146 -0.869659
3.596442 -0.323808
3.863094 -0.652406
5.985188 -0.271488
2.351340 0.882026
0.585766 0.655044
10.696549 -0.574623
3.876384 -0.467989
2.480683 0.812993
1.497666 1.239551
0.500068 0.797342
10.316096 -0.451726
2.701359 0.628129
1.974808 1.063009
2.004436 1.063060
0.275180 0.726340
4.708315 -0.966797
3.469021 0.124095
5.627294 -0.157042
1.290627 1.438403
1.482079 1.129331
4.767372 -0.647382
10.086354 -0.426696
2.180289 1.103585
2.405433 0.874697
4.620321 -0.967111
0.858603 1.088319
2.460423 1.037551
5.123698 -0.648085
10.800437 -0.678345
1.187337 0.991459
3.960576 -0.729226
5.869949 -0.018645
10.910267 -0.943512
1.068197 0.916301
2.488065 0.867506
3.954176 -0.484591
4.624824 -0.990805
0.234824 0.395622
10.396796 -0.708784
4.432471 -0.912652
3.150514 0.134836
4.605781 -0.788998
11.177388 -0.820663
0.062264 0.496082
3.793499 -0.447675
10.778016 -0.673714
0.785039 0.948293
10.715355 -0.852497
5.147135 -0.858236
5.510126 -0.413577
3.092902 0.455673
5.896121 -0.012268
5.255905 -0.675301
3.426671 0.024448
4.324294 -0.599069
2.250353 1.252957
6.306154 0.228684
4.640023 -0.746264
10.585394 -0.857529
4.329703 -0.661944
5.744619 -0.419223
3.357691 -0.196915
4.974854 -0.651256
10.184062 -0.498655
5.115927 -0.900600
4.118122 -0.433581
6.254922 0.410137
2.778998 0.706912
6.329610 0.083627
11.358315 -0.686546
0.968275 1.179867
2.189797 0.932615
6.215746 0.323237
4.863266 -0.638217
0.775516 0.974192
1.262479 1.083566
3.941848 -0.607524
1.363177 1.209576
2.278928 0.894495
0.412889 0.870620
2.933372 0.705600
4.790965 -0.603511
3.792792 -0.429596
1.193451 1.244855
1.038506 0.959890
10.830176 -0.715965
1.069738 0.919283
5.473548 -0.268798
0.470245 0.798467
3.881164 -0.576142
10.662285 -0.560502
11.035717 -0.799158
10.773223 -0.696680
3.122843 0.129435
0.696387 0.895844
10.888244 -0.632426
1.656591 1.206505
1.333557 1.057591
1.461435 1.220668
3.089078 0.191041
0.226729 0.416401
11.189089 -0.970815
5.741713 -0.144641
3.207534 0.002781
5.821932 0.021427
4.151306 -0.748250
1.825423 1.011386
2.491746 0.882481
4.056877 -0.350144
10.437702 -0.833160
4.571781 -0.619382
1.528544 1.000854
4.246932 -0.647768
3.865189 -0.572895
0.350576 0.368804
11.089952 -0.770541
10.291143 -0.467161
0.247227 0.660374
3.941211 -0.460550
0.756892 0.871985
11.174155 -0.784828


7.767258 0.627523
7.256876 0.433738
5.968866 -0.376516
11.773717 -0.855404
6.300646 -0.414338
5.984598 -0.418407
5.565930 -0.723479
6.240011 -0.400531
9.366591 -0.294893
9.064465 0.014936
9.711022 -0.417444
12.282287 -0.452680
7.836613 0.616601
6.958957 0.384568
10.694281 -1.358636
12.358362 -0.296037
11.885153 -0.771684
2.480807 0.583533
11.425723 -1.294228
7.541045 0.853127
6.841489 0.427984
8.450979 0.365803
7.639756 0.917209
9.078552 0.022432
7.975642 0.684123
10.621939 -1.158227
12.293364 -0.769063
9.715421 -0.426233
11.829928 -0.944779
6.815346 0.214258
9.124931 0.013098
10.717377 -1.433726
11.514967 -0.979501
7.337592 0.702107
9.610976 -0.210982
7.505482 0.665745
6.010222 -0.372745
9.713592 -0.346141
10.138512 -0.970332
9.585659 -0.219590
9.230841 0.026091
6.164940 -0.471625
6.749657 0.201502
9.322093 -0.198254
11.715416 -1.078842
5.592395 -0.876692
9.113360 0.155205
7.327226 0.507906
11.898029 -1.084500
10.189002 -1.186476
5.684875 -0.801433
9.444965 -0.163779
5.755677 -0.802404
11.563938 -1.221643
10.465345 -0.962672
7.514730 0.859077
12.410376 -0.318777
7.661507 0.589109
6.734815 0.102321
9.864041 -0.646539
6.100621 -0.319222
7.342584 0.823927
2.662838 0.433686
8.605964 0.398507
10.486856 -0.954287
12.558364 -0.107489
5.951383 -0.718175
8.458615 0.355531
8.190072 0.760679
2.587624 0.498090
6.295903 -0.355376
6.696227 0.004931
6.358421 -0.030529
9.064484 0.198436
12.216491 -0.356633
7.930138 0.901191
5.815795 -0.815386
10.986593 -1.122395
10.046252 -0.815588
12.113412 -0.679854
11.521480 -1.338594
6.562732 0.113449
11.488340 -1.269694
8.169049 0.851944
8.980652 0.155096
10.142774 -0.696959
11.319338 -0.953577
2.358662 0.628830
6.554818 0.236022
11.242803 -1.231248
12.295192 -0.483970
5.931574 -0.434913
8.343929 0.824772
6.949452 0.456894
9.278857 -0.132634
5.595513 -0.694272
11.116957 -1.308629
6.724722 0.004457
11.135563 -1.179867
11.858138 -0.747248
6.068757 -0.577112
6.651653 0.254013
8.408028 0.530940
9.906723 -0.578833
8.017595 0.705062
6.450369 -0.020729
12.205712 -0.635056
10.351931 -0.936255
5.457771 -0.822062
10.320170 -0.981528
8.835961 0.105429
10.648360 -1.060270
8.962662 0.108740
7.636530 0.706872
9.349795 -0.131797
6.831582 0.032911
6.587800 -0.004603
9.804873 -0.723849
7.204040 0.388503
9.638260 -0.508157
11.629475 -1.162432
8.217884 0.911672
5.667212 -0.894295
11.759930 -1.076291
6.625223 0.097205
7.031967 0.214919
10.105391 -1.118183
10.534100 -1.048899
7.211609 0.453599
11.117622 -1.246912
6.208306 -0.214216
9.002914 0.336826
8.628566 0.625304
8.862528 0.261007
5.561521 -0.682741
8.151307 0.753673
7.913515 0.500954
11.575042 -1.055314
12.238813 -0.517062
11.145348 -1.035419
8.453699 0.599174
10.455697 -1.041147
7.984139 0.823782
9.544423 -0.557122
7.862591 0.943934
11.068887 -1.376114


11.621245 -0.480979
7.272481 -0.624398
12.544122 -0.440631
8.859380 -0.356757
7.695049 0.468438
12.212314 -0.123767
4.072273 0.627282
9.421825 -0.713770
3.420041 0.982972
11.057522 -0.161989
5.883713 0.309632
7.866208 -0.014639
9.633363 0.626992
6.857359 0.598817
12.073136 0.842310
10.766699 -0.166372
6.090405 0.014550
10.798869 0.166638
12.155701 -0.634849
8.090386 -0.260822
8.508219 0.027420
10.105950 -0.533861
6.009452 -0.390648
9.795608 -0.767869
9.984894 -0.252529
6.555062 0.285256
3.585798 0.755735
6.052508 0.432798
9.136158 0.415754
12.458874 -0.893971
9.665457 -0.468054
9.786734 0.221359
7.459656 0.325052
9.472197 0.092044
6.178646 0.396974
10.087026 -0.124006
8.137734 0.115452
11.097467 0.537683
11.140162 -0.306835
8.590547 -0.216263
4.641999 0.809883
9.054668 -0.606943
8.881748 0.098624
3.827402 0.901324
3.997579 0.548904
10.136355 0.318519
10.752715 -0.460951
11.239502 -0.144565
9.294785 -0.681069
11.752127 0.401617
11.402281 0.412979
8.996738 -0.731096
8.042004 0.956727
10.935403 -0.619026
9.181308 0.407600
10.253438 -0.342804
6.386269 -0.565602
3.758447 0.472967
12.456999 -0.188905
11.379299 -0.930536
11.274307 0.800748
11.899566 0.375439
10.684616 0.922007
4.351454 0.729298
6.380664 0.953004
11.445089 0.858540
10.838868 -0.105497
6.314680 0.960751
6.314152 0.351093
12.269566 -0.831091
8.550608 -0.908228
12.223908 -0.782440
10.032870 -0.745978
5.237293 0.722359
11.230445 0.402795
5.836683 0.155037
10.744759 0.479243
10.278394 0.639464
4.179337 0.759100
6.071954 -0.175871
5.841995 0.069561
7.644253 0.515401
3.284395 0.871511
9.532571 -0.076293
7.349418 0.408875
5.460655 0.727283
10.995811 -0.335593
9.986935 -0.596957
4.789889 0.074131
7.628580 0.549554
8.302032 -0.308132
8.481751 -0.892980
5.634235 -0.050077
4.996778 0.501782
7.931785 -0.085435
11.269105 -0.755189
5.629587 0.527388
9.433102 -0.925019
9.823129 -0.972676
11.063302 -0.478954
3.954293 0.375721
4.346870 0.534487
5.670999 0.644691
11.627698 0.165704
10.447891 0.916367
6.873678 0.303422
5.065114 -0.100618
6.398234 0.201396
11.742401 0.272124
11.951397 0.570222
11.817023 0.012539
3.174411 0.966380
7.930388 0.369449
8.221423 -0.512154
9.788552 0.307725
4.597587 0.567008
10.922023 0.501439
8.785013 0.452501
8.009686 0.392870
7.092973 -0.801499
9.989168 -0.054111
8.478769 -0.685191
8.232776 0.339431
10.585848 0.697168
12.195396 0.841980
8.394722 -0.711127
8.013665 0.410216
9.173978 0.612048
10.580974 0.406960
11.565488 0.081679
4.626264 0.736823
4.122961 0.579218
9.878511 0.523466
11.571076 0.161174
6.383564 -0.338779
6.132998 0.068821
7.868327 0.199327
11.976131 0.552997
6.782251 0.473794
7.302591 -0.469830
4.126821 0.957295
9.922865 -0.001191
11.923169 -0.108024
8.449928 -0.228013
8.900752 0.674398
11.856390 0.002800
8.873432 0.792436
11.597203 -0.328268
10.898636 -0.918674
5.463642 0.299397
9.374663 0.949024
4.793631 0.031807
10.573275 -0.181015
7.337003 0.519565
8.774470 0.386851
9.292352 -0.615526
11.967062 -0.162059
11.293783 0.908071
8.012183 -0.289536
6.266397 0.385128
11.734581 -0.406700
3.298206 0.904015
7.095942 -0.446281
9.566638 0.981803
8.270054 0.941607
11.504158 -0.374325
8.706880 0.877584
9.274067 0.424548
9.933219 -0.989225
9.217703 -0.776382
8.380838 -0.450766
4.699166 0.366238
12.396220 -0.282252
9.336680 -0.352923
5.070960 0.090930
3.428183 0.881390
7.393545 0.950817
10.667070 -0.684339
4.288406 0.717869
6.697470 -0.091817
9.107087 -0.582322
4.305234 0.431180
9.259684 0.522341
11.608572 0.863601
7.055584 0.396569
7.104876 -0.495569
7.315254 0.715607
9.838546 -0.440326
11.743788 0.782925
9.682311 -0.519788
8.261002 -0.443568
12.047828 -0.570422
6.843989 0.325677
5.658098 -0.096171
11.036132 0.753561
10.781181 -0.974451
12.457195 0.320818
8.230082 -0.778753
12.556095 0.848931
9.849036 0.393559
5.511082 0.722043
12.182073 0.891842
6.349953 0.749781
7.685967 -0.791430
8.428453 0.463954
11.357396 0.463136
6.635134 0.246897
6.005457 0.598163
6.584304 0.036721
11.670597 0.123083
11.767755 0.570142
3.330054 0.615989
11.338069 -0.190497
5.770373 0.718504
9.052218 -0.043952
12.165305 -0.313040
6.399529 -0.507289
6.463968 0.409544
12.348346 -0.868736
8.768957 0.278423
9.014704 0.331323
7.351400 0.617850
7.234801 0.853785
9.764071 0.845514
5.416783 0.828164
10.098484 -0.525975
4.681891 0.537111
8.317678 0.898293
12.505782 -0.615661
6.425627 0.200666
10.240087 -0.912984
10.099769 0.226427
12.313894 0.238093
7.137487 -0.272566
7.584132 0.733046
12.143832 -0.536760
8.298232 -0.836598
7.131383 0.022011
5.794697 -0.054746
11.207551 0.622730
2.775948 0.928735
3.907627 0.366631
8.699559 0.364225
5.396725 0.825352
9.767751 -0.717221
11.976575 -0.414681
6.766453 -0.647395
10.768062 0.714847
8.948430 0.843467
5.075424 -0.036680
11.230541 0.158427
8.851178 -0.935720
8.517922 0.083654
8.901226 0.115141
2.903502 0.819495
8.156224 0.457096
11.697212 -0.623163
7.882861 -0.822067
12.203912 -0.023965
11.712292 -0.843223
10.943890 -0.854196
6.769610 -0.562534
2.793574 0.913629
11.773943 -0.844464
7.811578 -0.442918
12.403359 -0.472780
6.424954 0.814410
12.273407 -0.179367
6.329960 0.528597
6.601732 0.689432
8.417098 -0.311058
10.533613 0.298086
12.240844 -0.979266
4.542123 0.240853
7.275235 0.947530
12.427764 -0.472879
10.942254 0.142690
12.477744 -0.152982
8.460307 0.882401
12.134872 0.856497
5.497059 -0.217947
6.561914 0.810275
9.500460 -0.670002
7.533517 0.858412
11.220763 0.726909
9.900537 0.692571
8.319765 -0.130013
9.765645 -0.345526
8.001765 -0.867707
5.578523 0.162092
9.097650 0.918115
6.916068 -0.046331
11.365786 0.389736
11.561359 -0.166861
7.626751 0.118216
12.551272 0.668579
3.130170 0.775586
6.949739 0.941311
7.337545 -0.048156
3.862089 0.952616
5.358697 0.263644
8.233520 0.344145
10.079344 -0.951062
4.973859 0.949861
9.082922 -0.751995
8.846308 -0.643233
12.185205 0.047489
9.325242 -0.479153
8.489248 -0.551495
7.530593 0.703585
11.436276 0.062727
10.988504 0.172475
10.462606 0.142143
9.321739 -0.163727
7.550806 0.905806
8.279976 0.143967
7.726274 0.980621
12.530593 -0.489956
9.476101 -0.750388
8.717841 0.457413
5.241178 0.800088
12.309375 -0.458987
9.348965 0.927907
7.932590 -0.946732
11.387849 0.943885
9.023910 -0.799183
4.583852 0.492927
12.119965 -0.223319
12.149059 -0.967286
9.910171 0.027166
7.427758 0.658421
12.232413 0.564638
10.627669 -0.808542
8.996538 0.891413
5.288518 -0.044999
3.563145 0.871021
11.528519 -0.462103
6.258141 -0.435528
9.816023 -0.886429
8.889521 0.240627
6.481041 0.433052
3.661462 0.716599
6.979024 -0.132016
7.303865 0.154505
9.759648 0.666018
9.740347 -0.276943
4.263613 0.792688
12.388649 -0.084058
6.326515 -0.178219
11.289164 -0.314815
7.474917 0.730430
11.971746 0.536172
9.435136 -0.862712
9.555241 0.637824
8.718588 0.962969
3.686259 0.847922
7.712084 0.442757
9.039559 0.436406
6.940726 -0.187230
11.998912 -0.947612
7.970897 -0.958178
8.327220 -0.745620
10.871183 -0.166446
8.142166 0.780154
9.274541 0.385342
2.693170 0.974489
8.911449 0.140685
4.816488 0.653720
3.450454 0.996447
11.290802 -0.734492
8.917579 0.891760
5.886028 0.106075
6.964867 -0.600155
8.404173 0.309305
8.248842 0.431562
10.185133 -0.814846
9.358759 -0.901915
9.960827 -0.176493
8.464525 0.074986
11.810578 0.784625
6.865159 0.253020
9.916683 0.992597
9.309250 -0.317802
6.736608 -0.339298
11.698132 -0.825466
8.548595 0.952723
9.854471 0.741868
6.135744 0.936501
6.303865 0.677307
11.895147 0.970074
4.625323 0.987562
8.875183 0.523645
3.986664 0.742167
9.651891 0.422443
8.259220 0.206637
6.773518 0.694904
11.851638 -0.143135
11.716694 0.349507
9.986514 0.717578
4.229071 0.860536
11.305887 -0.824876
9.840455 -0.850170
9.455445 0.577256
5.767265 0.899987
8.659397 -0.090045
9.179749 -0.426584
6.460082 0.735069
9.048991 -0.968225
6.841388 0.153730
12.461627 0.187229
9.907527 -0.939670
9.077651 0.818208
4.684385 0.425444
4.538402 0.969864
10.314674 0.749945
11.572477 -0.080355
7.404514 0.406765
9.744295 -0.779537
11.820596 0.161214
9.778243 0.180395
11.992143 -0.795721
6.044097 0.384954
4.147171 0.492652
6.355681 -0.476153
6.803026 0.086526
10.085593 0.040830
12.094472 -0.714580
6.601080 0.044601
3.427826 0.987501
6.005866 0.311853
10.850813 -0.507477
6.873246 0.867981
10.483943 0.409349
8.122642 0.211935
11.117089 0.858362
10.007932 -0.721842
12.272816 -0.268797
9.592958 0.103083
8.000411 0.749462
6.920947 -0.003657
12.398665 0.250620
4.174811 0.696645
8.461611 0.808530
8.162150 0.604936
6.092160 -0.344959
3.088515 0.981612
7.322057 -0.519017
3.772040 0.656154
11.265527 -0.988375
8.605977 -0.670766
7.886631 0.320289
2.834870 0.938258
10.525702 0.985394
11.031088 -0.285563
7.147442 -0.182045
12.018100 -0.782492
5.268184 0.612720
8.843618 -0.922802
10.922483 -0.760411
6.957142 0.638237
11.237283 0.207012
6.906512 0.431207
10.859899 -0.931749
7.980992 -0.350978
4.326210 0.421663
6.702695 0.994599
10.237772 -0.548231
8.317754 -0.215281
8.302014 0.762040
9.479230 0.626243
4.130199 0.605619
3.732094 0.843084
10.551290 -0.191163
7.869008 -0.703227
3.620605 0.780120
4.063606 0.343932
11.789138 0.640923
8.524319 -0.829035
8.748215 0.798095
5.298614 0.424290
10.214172 0.710650
5.268659 0.088380
9.899217 0.376499
9.833003 0.506755
11.313075 0.768276
7.603271 0.446620
8.624292 -0.859756
12.047539 -0.555917
10.101614 -0.977568
2.576613 0.997407
11.617047 -0.779892
8.282891 0.818459
9.270715 0.718724
5.746241 -0.323774
2.803366 0.968786
2.996152 0.772646
8.520728 -0.124883
10.409222 0.390628
8.572288 -0.520124
10.104312 -0.179255
9.501638 0.916995
5.987034 -0.374267
8.084818 -0.380104
8.420251 -0.603189
3.175176 0.841615
10.214577 -0.519674
9.093391 -0.415014
7.775640 0.901251
9.735655 0.657367
8.161057 -0.133800
10.655116 -0.777169
3.249853 0.676168
9.099333 -0.399797
9.867831 -0.681048
10.110888 0.723989
10.761772 0.571897
4.063766 0.862128
7.495434 -0.304500
9.510802 -0.180394
11.494170 0.307464
9.171885 -0.112063
8.530980 0.968458
7.268909 -0.580137
10.528149 0.376694
11.310108 0.717553
6.347590 0.974663
11.913063 0.889340
8.882908 -0.298089
12.087306 0.281573
3.338609 0.733318
7.732882 -0.571121
11.967381 0.833204
5.642030 0.338329
7.462980 0.940753
6.230375 -0.206431
12.267535 0.618671
10.485691 0.729191
7.112535 -0.802272
10.301198 -0.476005
11.113650 -0.712772
9.917479 0.733279
7.826962 -0.509122
9.382284 -0.835334
9.539843 -0.748881
6.771029 0.245426
11.776669 -0.735650
5.035114 0.034027
10.652228 -0.857463
8.748892 0.086274
6.845641 -0.317576
7.103414 0.856398
7.152985 -0.858240
8.782873 0.986731
9.698045 0.387412
9.688398 -0.710235
10.597702 -0.406449
11.471581 0.069287
6.121703 0.337422
11.173303 -0.462863
4.873217 0.233842
9.348328 -0.077180
6.352402 0.906095
8.548828 0.818975
8.150993 0.033318
5.971755 0.520467
3.625769 0.691600
6.943369 0.968542
4.097289 0.712458
5.059572 0.591394
8.290449 -0.395541
6.680553 0.684071
6.442506 -0.173325
12.020971 -0.725860
7.971606 -0.051912
4.892112 0.557930
8.502345 -0.907886
6.571182 0.310514
10.640307 0.665084
5.672949 -0.324817
7.245975 0.856439
9.938936 0.325716
3.467825 0.548891
11.693372 -0.824227
10.766686 0.670956
8.838762 -0.122395
11.881355 -0.699011
10.953862 -0.092405
12.204431 0.883321
10.010060 0.040299
8.468037 -0.275799
5.682382 0.764546
4.286459 0.200715
9.924640 0.043594
6.589655 0.840169
3.306694 0.623118
11.964481 -0.181117
4.966960 0.480362
6.400918 0.638129
9.372934 -0.979235
8.562613 -0.360118
8.913491 -0.149896
7.798134 -0.674284
7.189191 0.893358
10.046035 -0.156496
6.476256 -0.489672
12.514049 0.441775
11.294559 0.346402
11.076355 0.092276
7.789495 0.103536
9.542634 0.675634
5.188945 0.475072
8.665593 -0.990436
7.221195 0.157656
7.390212 0.056449
10.938869 0.002656


1.086847 -0.587002
3.405137 0.278551
2.249592 0.281354
1.855339 -0.568519
3.059833 0.048556
1.236694 0.712000
4.740307 -0.916137
0.411264 0.286708
2.246250 -0.573112
2.911250 0.144603
1.303049 -0.111922
3.831857 -0.611548
5.305909 -0.673481
1.641471 0.989689
0.543951 0.610401
1.789854 -0.437459
2.099910 -0.853170
2.835361 -0.432013
1.941595 -0.513963
2.799760 0.108404
1.277616 0.763352
0.957724 0.513437
6.264054 -0.667944
2.920547 -0.828867
4.395423 -0.876961
0.729623 -0.106064
0.553729 -0.430210
0.772449 0.720594
0.969338 0.755721
2.027698 0.052435
1.610164 0.110496
2.760633 -0.004815
3.244777 0.412562
2.549248 0.920320
2.327777 -0.770758
7.125167 -0.932117
4.074092 0.060250
2.355860 -0.562756
2.365394 0.284905
1.671505 -0.543116
1.587520 0.588034
4.475000 -0.666716
3.575928 -0.827696
1.285426 0.960710
4.458798 -0.195892
0.194862 -0.660361
5.996339 -0.689439
5.974347 -0.974003
1.974135 0.892065
5.676289 -0.356956
1.873746 -0.711776
5.233455 -0.650890
6.362082 -0.960453
1.995112 -0.136356
1.384868 0.743419
0.447930 0.404074
0.469725 0.079030
5.155893 -0.341484
1.334658 -0.680336
0.870419 -0.717716
3.007286 -0.326659
3.746000 0.108359
5.558317 -0.988749
5.112647 -0.649334
1.793288 0.206827
3.599201 -0.276093
3.258251 0.032812
5.134993 -0.559528
4.495446 -0.798570
3.842031 -0.476116
2.231854 0.047607
1.088408 -0.884957
1.920841 0.855436
3.388000 -0.910828
1.322980 -0.831180
6.112724 -0.527422
0.551617 -0.614034
0.973557 -0.766890
6.743299 -0.981782
2.986728 -0.739439
3.784879 -0.844718
5.609441 -0.470860
1.706864 -0.078664
4.240585 0.031695
0.786008 -0.571409
2.184811 0.689145
5.877653 -0.926822
1.040285 0.928264
2.844162 0.265719
1.171371 -0.277083
3.082973 -0.450945
2.873619 -0.591098
1.404291 0.242899
1.201125 0.258139
1.993221 0.274229
0.109155 0.050309
3.829125 -0.385118
2.985194 -0.226513
0.463163 -0.968988
0.326673 0.667239
5.437702 -0.415387
2.903160 -0.367695
3.420974 -0.266426
3.575141 -0.208727
0.325070 0.944945
0.204507 -0.007799
2.804089 -0.605352
0.888082 0.140047
0.872444 -0.015093
4.606887 -0.792656
6.237396 -0.589380
1.145552 -0.050943
1.244077 0.588173
3.397756 0.574633
4.013110 -0.317622
6.388346 -0.721156
1.532234 -0.993962
1.994167 0.765954
0.430337 -0.085307
3.301467 0.593676
3.294329 0.005034
3.059784 0.729113
1.292785 -0.763358
3.517144 0.026080
2.237448 -0.608210
0.881881 0.391137
2.133756 0.015715
0.523371 0.217941
0.330279 0.600703
4.414137 -0.843816
5.617914 -0.782742
0.576130 0.809025
4.066307 -0.006140
1.745795 -0.511453
2.441010 -0.286704
5.148280 -0.196403
2.563518 -0.720366
1.615397 0.182878
3.600605 0.111595
2.964843 0.048043
0.139939 -0.482421
4.538744 -0.202774
1.716449 0.821869
3.938845 -0.331127
1.747810 0.776394
3.767868 0.003428
2.582451 -0.434481
0.411363 -0.610666
3.845375 0.267745
4.716792 -0.779080
0.785973 0.918166
2.511301 -0.042103
2.080963 0.304085
2.924368 -0.970157
0.847637 0.936532
1.616277 0.596885
2.427990 0.796728
4.997572 -0.938124
3.591971 0.103722
1.731497 0.728969
1.730896 -0.333414
6.281439 -0.619254
2.086859 0.572319
2.499499 -0.110776
2.537120 -0.967672
1.777183 0.679765
0.137895 0.221443
5.918642 -0.957235
0.375259 -0.165388
4.586179 -0.793587
1.594977 -0.264577
2.813546 -0.471762
0.404578 -0.404815
2.023401 -0.275702
3.287197 0.306291
2.550396 -0.465537
2.162090 -0.330281
4.386821 -0.491298
4.779330 -0.002580
0.168179 -0.744575
2.456247 -0.980928
2.453554 0.502074
2.708215 0.231330
3.699356 -0.799245
6.644060 -0.865464
0.007037 -0.053659
1.843504 -0.446832
1.344691 -0.046891
2.082564 -0.939811
1.342648 0.727670
2.097546 -0.803622
2.815954 -0.247546
1.011604 -0.971514
2.020431 0.872640
4.520786 0.039557
0.450583 -0.198952
4.392528 -0.335898
5.631286 -0.804014
4.513105 -0.163767
0.927162 0.590198
0.451978 0.245401
0.271233 0.443297
2.992812 0.201949
2.024456 0.255462
3.272682 -0.136508
5.892617 -0.819520
5.076665 -0.579886
1.271888 0.624825
4.194195 0.199214
0.752477 0.542744
3.064988 0.697969
1.930018 0.826690
1.333642 0.243770
5.886210 -0.526642
4.083891 0.151127
0.367090 0.115603
2.418093 0.082394
0.282602 0.281251
3.078004 -0.749660
3.349864 -0.465582
1.537936 -0.211415
1.183259 0.634009
5.222769 -0.399444
0.365612 0.447152
4.103422 -0.569538
6.071339 -0.733592
0.514808 -0.507078
0.132781 -0.977112
1.176697 0.466417
1.601997 -0.949559
4.191106 -0.483724
1.337722 0.651981
4.989909 -0.873103
2.025627 -0.113672
2.281215 0.833017
1.976287 0.340186
3.122433 -0.080942
3.086354 -0.743601
1.536316 -0.005787
1.094141 -0.814914
2.328928 0.354551
1.599163 -0.438350
2.445829 -0.661380
3.679019 -0.128309
6.263670 -0.873055
6.522462 -0.665713
3.614279 -0.279154
2.593339 0.468521
1.500980 -0.811260
1.032586 -0.196550
4.055553 -0.423843
2.388336 -0.543287
3.876546 -0.628609
2.929924 -0.285857
6.317524 -0.907047
0.420959 0.782555
1.668205 -0.867919
3.019839 0.370652
3.804408 -0.398614
3.027456 -0.087707
0.808914 -0.332285
0.439508 -0.052381
3.662282 -0.185132
2.509600 0.961529
0.241026 -0.052690
1.476950 -0.293607
3.844410 -0.015984
3.404957 0.115330
4.175453 -0.140691
0.538444 -0.340399
0.178650 -0.297927
4.247585 -0.603855
6.032055 -0.524763
2.422493 0.160380
5.493148 -0.535500
4.075925 -0.254281
2.458289 0.268498
4.530229 -0.606510
2.251067 0.521804
2.875665 -0.481732
3.194300 -0.391069
3.103430 -0.353517
5.027958 -0.878814
0.576965 0.107652
2.855268 0.380430
1.723315 0.650732
0.113559 -0.923860
1.673467 0.581576
2.748125 0.532363
7.545440 -0.997412
3.671847 -0.453459
3.293273 0.184034
0.603326 -0.402723
3.365589 0.467334
4.873368 -0.094932
1.416627 0.387129
0.888253 0.874791
2.804973 0.163382
6.870771 -0.819018
2.984070 0.125416
4.794971 -0.442465
1.639818 0.665678
2.954878 -0.261350
2.363891 0.376467
1.626268 0.572735
3.598498 0.365133
4.746698 -0.025787
1.636846 -0.015261
5.191630 -0.668680
0.484638 -0.830126
4.426333 -0.790386
3.339452 -0.209652
0.073362 -0.010073
0.841960 0.595668
2.053516 -0.348013
3.534308 0.097175
0.709385 -0.447232
2.937772 0.699904
2.309150 -0.512754
4.606025 -0.299814
1.596806 0.074553
3.622819 -0.628348
2.514395 -0.045884
4.283363 -0.028601
6.286514 -0.813858
5.089905 -0.256752
5.676798 -0.780226
4.549695 -0.217818
5.849026 -0.619216
6.537083 -0.703131
3.387238 0.471151
1.583579 0.286341
1.388836 -0.751792
2.602318 0.458671
3.419426 -0.978875
2.236007 -0.821794
2.975309 0.091342
0.165273 -0.043676
0.092415 0.492654
3.918769 -0.936277
1.097749 -0.208387
4.099295 -0.298069
5.280388 -0.725924
6.239772 -0.709498
6.160330 -0.543923
2.961808 -0.855769
5.527115 -0.943125
0.965321 0.655077
2.875324 0.539473
5.933161 -0.959673
0.812857 -0.971343
1.614654 -0.411177
5.970847 -0.780645
3.236148 0.558420
3.710632 -0.793555
4.444664 -0.862557
5.719856 -0.663974
0.335247 -0.208733
4.361354 -0.774004
2.693514 0.638503
2.150522 -0.109168
2.341218 0.532352
2.351419 -0.559030
6.148148 -0.580743
6.358801 -0.898766
4.397681 0.085886
2.881517 0.271689
1.574147 0.920324
3.459975 0.539818
4.943537 -0.369117
1.972649 0.960076
2.959374 -0.349378
2.673960 -0.025973
1.370794 -0.488586
1.329632 -0.695075
3.760431 -0.551861
1.982557 -0.255227
4.786318 -0.072396
2.752969 -0.514034
4.186804 -0.075308
2.153674 -0.837033
0.814045 0.773667
4.027862 -0.482980
0.522218 0.986272
3.011827 -0.937877


